           1   0.0000000000000000        9.9809999999999995E-005   0.0000000000000000     
           2   9.9999999999999995E-007   9.9809999999999995E-005   158702826431.96100     
           3   1.0589999999999999E-006   9.9809999999999995E-005   168127057925.88300     
           4   1.1220000000000000E-006   9.9809999999999995E-005   178074857836.13400     
           5   1.1890000000000000E-006   9.9809999999999995E-005   188638620589.12500     
           6   1.2589999999999999E-006   9.9809999999999995E-005   199818346184.85602     
           7   1.3340000000000001E-006   9.9809999999999995E-005   211644832765.46399     
           8   1.4130000000000001E-006   9.9809999999999995E-005   224179676615.22299     
           9   1.4959999999999999E-006   9.9809999999999995E-005   237453675876.27002     
          10   1.5850000000000001E-006   9.9809999999999995E-005   251528426832.87900     
          11   1.6789999999999999E-006   9.9809999999999995E-005   266434727627.18701     
          12   1.7780000000000000E-006   9.9809999999999995E-005   282234174543.46802     
          13   1.8840000000000001E-006   9.9809999999999995E-005   298957565723.85901     
          14   1.9950000000000000E-006   9.9809999999999995E-005   316604901168.35999     
          15   2.1140000000000000E-006   9.9809999999999995E-005   335391767871.92999     
          16   2.2390000000000001E-006   9.9809999999999995E-005   355410560260.97998     
          17   2.3709999999999998E-006   9.9809999999999995E-005   376353296914.14001     
          18   2.5119999999999998E-006   9.9809999999999995E-005   398527959252.78003     
          19   2.6610000000000000E-006   9.9809999999999995E-005   422242528698.27002     
          20   2.8180000000000000E-006   9.9809999999999995E-005   447189023829.24005     
          21   2.9849999999999998E-006   9.9809999999999995E-005   473675426067.06000     
          22   3.1620000000000000E-006   9.9809999999999995E-005   502009716833.10004     
          23   3.3500000000000001E-006   9.9809999999999995E-005   531575933284.62006     
          24   3.5480000000000002E-006   9.9809999999999995E-005   562990038264.36011     
          25   3.7579999999999998E-006   9.9809999999999995E-005   596560013193.69006     
          26   3.9809999999999997E-006   9.9809999999999995E-005   631977876651.24011     
          27   4.2169999999999996E-006   9.9809999999999995E-005   669243628637.01013     
          28   4.4669999999999998E-006   9.9809999999999995E-005   708973231993.74011     
          29   4.7319999999999998E-006   9.9809999999999995E-005   750858705300.06018     
          30   5.0119999999999996E-006   9.9809999999999995E-005   795516011398.71008     
          31   5.3090000000000003E-006   9.9809999999999995E-005   842637168868.32007     
          32   5.6239999999999999E-006   9.9809999999999995E-005   892530159130.26013     
          33   5.9569999999999999E-006   9.9809999999999995E-005   945502963605.90015     
          34   6.3099999999999997E-006   9.9809999999999995E-005   1001247600873.8701     
          35   6.6839999999999999E-006   9.9809999999999995E-005   1060688015198.2803     
          36   7.0800000000000000E-006   9.9809999999999995E-005   1123516225157.7603     
          37   7.4989999999999997E-006   9.9809999999999995E-005   1190040212173.6802     
          38   7.9430000000000000E-006   9.9809999999999995E-005   1260567957667.4102     
          39   8.4139999999999994E-006   9.9809999999999995E-005   1335407443060.3201     
          40   8.9129999999999992E-006   9.9809999999999995E-005   1414558668352.4102     
          41   9.4409999999999999E-006   9.9809999999999995E-005   1498329614965.0500     
          42   1.0000000000000001E-005   9.9809999999999995E-005   1587028264319.6104     
          43   1.0590000000000000E-005   9.9809999999999995E-005   1681270579258.8301     
          44   1.1219999999999999E-005   9.9809999999999995E-005   1780748578361.3401     
          45   1.1890000000000000E-005   9.9809999999999995E-005   1886386205891.2500     
          46   1.2590000000000000E-005   9.9809999999999995E-005   1998183461848.5601     
          47   1.3339999999999999E-005   9.9809999999999995E-005   2116448327654.6401     
          48   1.4130000000000000E-005   9.9809999999999995E-005   2241796766152.2300     
          49   1.4960000000000001E-005   9.9809999999999995E-005   2374536758762.7002     
          50   1.5849999999999999E-005   9.9809999999999995E-005   2515284268328.7900     
          51   1.6790000000000000E-005   9.9809999999999995E-005   2664347276271.8701     
          52   1.7779999999999999E-005   9.9809999999999995E-005   2822341745434.6802     
          53   1.8839999999999999E-005   9.9809999999999995E-005   2989575657238.5903     
          54   1.9950000000000000E-005   9.9809999999999995E-005   3166049011683.6006     
          55   2.1140000000000001E-005   9.9809999999999995E-005   3353917678719.3008     
          56   2.2390000000000001E-005   9.9809999999999995E-005   3554105602609.8008     
          57   2.3710000000000002E-005   9.9809999999999995E-005   3763532969141.4004     
          58   2.5120000000000000E-005   9.9809999999999995E-005   3985279592527.8008     
          59   2.6610000000000001E-005   9.9809999999999995E-005   4222425286982.7007     
          60   2.8180000000000001E-005   9.9809999999999995E-005   4471890238292.4014     
          61   2.9850000000000001E-005   9.9809999999999995E-005   4736754260670.6016     
          62   3.1619999999999999E-005   9.9809999999999995E-005   5020097168331.0020     
          63   3.3500000000000001E-005   9.9809999999999995E-005   5315759332846.2012     
          64   3.5479999999999999E-005   9.9809999999999995E-005   5629900382643.6016     
          65   3.7580000000000003E-005   9.9809999999999995E-005   5965600131936.9014     
          66   3.9810000000000000E-005   9.9809999999999995E-005   6319778766512.4014     
          67   4.2169999999999998E-005   9.9809999999999995E-005   6692436286370.1016     
          68   4.4669999999999998E-005   9.9809999999999995E-005   7089732319937.4023     
          69   4.7320000000000001E-005   9.9809999999999995E-005   7508587053000.6016     
          70   5.0120000000000001E-005   9.9809999999999995E-005   7955160113987.1016     
          71   5.3090000000000002E-005   9.9809999999999995E-005   8426371688683.2012     
          72   5.6239999999999997E-005   9.9809999999999995E-005   8925301591302.6016     
          73   5.9570000000000001E-005   9.9809999999999995E-005   9455029636059.0020     
          74   6.3100000000000002E-005   9.9809999999999995E-005   10012476008738.703     
          75   6.6840000000000004E-005   9.9809999999999995E-005   10606880151982.805     
          76   7.0800000000000000E-005   9.9809999999999995E-005   11235162251577.604     
          77   7.4989999999999999E-005   9.9809999999999995E-005   11900402121736.805     
          78   7.9430000000000004E-005   9.9809999999999995E-005   12605679576674.104     
          79   8.4140000000000004E-005   9.9809999999999995E-005   13354074430603.205     
          80   8.9129999999999995E-005   9.9809999999999995E-005   14145586683524.104     
          81   9.4409999999999999E-005   9.9809999999999995E-005   14983296149650.504     
          82   1.0000000000000000E-004   9.9809999999999995E-005   15870282643196.104     
          83   1.0590000000000000E-004   9.9809999999999995E-005   16812705792588.303     
          84   1.1220000000000000E-004   9.9809999999999995E-005   17807485783613.402     
          85   1.1890000000000000E-004   9.9809999999999995E-005   18863862058912.504     
          86   1.2590000000000000E-004   9.9809999999999995E-005   19981834618485.605     
          87   1.3339999999999999E-004   9.9809999999999995E-005   21164483276546.402     
          88   1.4129999999999999E-004   9.9809999999999995E-005   22417967661522.301     
          89   1.4960000000000000E-004   9.9809999999999995E-005   23745367587627.000     
          90   1.5850000000000000E-004   9.9809999999999995E-005   25152842683287.898     
          91   1.6789999999999999E-004   9.9809999999999995E-005   26643472762718.703     
          92   1.7780000000000001E-004   9.9809999999999995E-005   28223417454346.805     
          93   1.8840000000000000E-004   9.9809999999999995E-005   29895756572385.902     
          94   1.9950000000000000E-004   9.9809999999999995E-005   31660490116836.004     
          95   2.1139999999999999E-004   9.9809999999999995E-005   33539176787193.000     
          96   2.2389999999999999E-004   9.9809999999999995E-005   35541056026098.008     
          97   2.3709999999999999E-004   9.9809999999999995E-005   37635329691414.008     
          98   2.5119999999999998E-004   9.9809999999999995E-005   39852795925278.008     
          99   2.6610000000000002E-004   9.9809999999999995E-005   42224252869827.008     
         100   2.8180000000000002E-004   9.9809999999999995E-005   44718902382924.008     
         101   2.9849999999999999E-004   9.9809999999999995E-005   47367542606706.016     
         102   3.1619999999999999E-004   9.9809999999999995E-005   50200971683310.008     
         103   3.3500000000000001E-004   9.9809999999999995E-005   53157593328462.016     
         104   3.5480000000000000E-004   9.9809999999999995E-005   56299003826436.016     
         105   3.7579999999999997E-004   9.9809999999999995E-005   59656001319369.016     
         106   3.9809999999999997E-004   9.9809999999999995E-005   63197787665124.016     
         107   4.2170000000000000E-004   9.9809999999999995E-005   66924362863701.016     
         108   4.4670000000000002E-004   9.9809999999999995E-005   70897323199374.016     
         109   4.7320000000000001E-004   9.9809999999999995E-005   75085870530006.031     
         110   5.0120000000000004E-004   9.9820000000000003E-005   79551824851453.531     
         111   5.3089999999999995E-004   9.9820000000000003E-005   84264412706995.547     
         112   5.6240000000000001E-004   9.9820000000000003E-005   89254211612863.547     
         113   5.9570000000000001E-004   9.9820000000000003E-005   94552022796871.547     
         114   6.3100000000000005E-004   9.9829999999999998E-005   100127324284974.05     
         115   6.6839999999999998E-004   9.9829999999999998E-005   106072556788737.05     
         116   7.0799999999999997E-004   9.9840000000000006E-005   112356951479955.05     
         117   7.4989999999999996E-004   9.9840000000000006E-005   119011349700243.03     
         118   7.9429999999999995E-004   9.9850000000000001E-005   126066597419731.55     
         119   8.4139999999999996E-004   9.9850000000000001E-005   133553545237066.53     
         120   8.9130000000000003E-004   9.9859999999999996E-005   141472236351726.03     
         121   9.4410000000000002E-004   9.9859999999999996E-005   149853527533710.06     
         122   1.0000000000000000E-003   9.9859999999999996E-005   158727835844046.03     
         123   1.0590000000000000E-003   9.9859999999999996E-005   168156788423778.06     
         124   1.1220000000000000E-003   9.9859999999999996E-005   178109571702384.06     
         125   1.1890000000000000E-003   9.9859999999999996E-005   188678626391430.06     
         126   1.2589999999999999E-003   9.9859999999999996E-005   199863952490916.06     
         127   1.3339999999999999E-003   9.9859999999999996E-005   211696363571364.06     
         128   1.4130000000000000E-003   9.9859999999999996E-005   224237486773818.06     
         129   1.4959999999999999E-003   9.9859999999999996E-005   237518135668800.06     
         130   1.5850000000000000E-003   9.9859999999999996E-005   251599937397354.09     
         131   1.6789999999999999E-003   9.9859999999999996E-005   266513705530002.09     
         132   1.7780000000000001E-003   9.9859999999999996E-005   282321067207788.06     
         133   1.8840000000000000E-003   9.9859999999999996E-005   299052836001234.06     
         134   1.9949999999999998E-003   9.9859999999999996E-005   316709011910340.00     
         135   2.1140000000000000E-003   9.9859999999999996E-005   335505289928760.06     
         136   2.2390000000000001E-003   9.9859999999999996E-005   355534110768060.06     
         137   2.3709999999999998E-003   9.9859999999999996E-005   376487338723020.06     
         138   2.5119999999999999E-003   9.9859999999999996E-005   398673109498860.06     
         139   2.6610000000000002E-003   9.9859999999999996E-005   422399558800800.06     
         140   2.8180000000000002E-003   9.9859999999999996E-005   447358550923620.06     
         141   2.9849999999999998E-003   9.9859999999999996E-005   473858221572540.06     
         142   3.1619999999999999E-003   9.9859999999999996E-005   502206706452780.00     
         143   3.3500000000000001E-003   9.9859999999999996E-005   531787734153900.06     
         144   3.5479999999999999E-003   9.9859999999999996E-005   563217576086340.12     
         145   3.7580000000000001E-003   9.9859999999999996E-005   596804367955320.00     
         146   3.9810000000000002E-003   9.9859999999999996E-005   632239974055620.00     
         147   4.2170000000000003E-003   9.9859999999999996E-005   669524394387240.00     
         148   4.4669999999999996E-003   9.9859999999999996E-005   709273900360620.00     
         149   4.7320000000000001E-003   9.9859999999999996E-005   751180356270540.00     
         150   5.0120000000000000E-003   9.9859999999999996E-005   795860033527440.00     
         151   5.3090000000000004E-003   9.9859999999999996E-005   843004796426100.00     
         152   5.6239999999999997E-003   9.9859999999999996E-005   892922780671740.00     
         153   5.9569999999999996E-003   9.9859999999999996E-005   945922121969580.12     
         154   6.3099999999999996E-003   9.9859999999999996E-005   1001694684614400.0     
         155   6.6839999999999998E-003   9.9859999999999996E-005   1061164875721860.0     
         156   7.0800000000000004E-003   9.9859999999999996E-005   1124024559586740.0     
         157   7.4989999999999996E-003   9.9859999999999996E-005   1190581871914260.0     
         158   7.9430000000000004E-003   9.9859999999999996E-005   1261144948409640.0     
         159   8.4139999999999996E-003   9.9859999999999996E-005   1336021924778100.0     
         160   8.9130000000000008E-003   9.9859999999999996E-005   1415212801019640.0     
         161   9.4409999999999997E-003   9.9859999999999996E-005   1499025712839480.0     
         162   1.0000000000000000E-002   9.9859999999999996E-005   1587768795942840.0     
         163   1.0590000000000000E-002   9.9859999999999996E-005   1682058321740160.0     
         164   1.1220000000000001E-002   9.9859999999999996E-005   1781586154526220.0     
         165   1.1890000000000000E-002   9.9850000000000001E-005   1887271409480625.0     
         166   1.2590000000000000E-002   9.9850000000000001E-005   1999113469467974.8     
         167   1.3339999999999999E-002   9.9850000000000001E-005   2117425731272775.0     
         168   1.4130000000000000E-002   9.9850000000000001E-005   2242824404591924.8     
         169   1.4959999999999999E-002   9.9850000000000001E-005   2375617594273875.0     
         170   1.5850000000000000E-002   9.9850000000000001E-005   2516421510015525.0     
         171   1.6789999999999999E-002   9.9850000000000001E-005   2665544256665325.0     
         172   1.7780000000000001E-002   9.9850000000000001E-005   2823602043920175.0     
         173   1.8839999999999999E-002   9.9850000000000001E-005   2990902976628525.0     
         174   1.9949999999999999E-002   9.9850000000000001E-005   3167447054790375.0     
         175   2.1139999999999999E-002   9.9850000000000001E-005   3355391012344875.0     
         176   2.2390000000000000E-002   9.9850000000000001E-005   3555659163837375.0     
         177   2.3709999999999998E-002   9.9840000000000006E-005   3765159969481575.0     
         178   2.5120000000000000E-002   9.9840000000000006E-005   3986973243491174.5     
         179   2.6610000000000002E-002   9.9840000000000006E-005   4224190217084775.0     
         180   2.8180000000000000E-002   9.9840000000000006E-005   4473730150345575.0     
         181   2.9850000000000002E-002   9.9840000000000006E-005   4738673783190375.0     
         182   3.1620000000000002E-002   9.9840000000000006E-005   5022101855535975.0     
         183   3.3500000000000002E-002   9.9829999999999998E-005   5317838076299175.0     
         184   3.5479999999999998E-002   9.9829999999999998E-005   5632042073907375.0     
         185   3.7580000000000002E-002   9.9829999999999998E-005   5967809090959276.0     
         186   3.9809999999999998E-002   9.9829999999999998E-005   6322058696105775.0     
         187   4.2169999999999999E-002   9.9820000000000003E-005   6694772221001025.0     
         188   4.4670000000000001E-002   9.9820000000000003E-005   7092108059801625.0     
         189   4.7320000000000001E-002   9.9820000000000003E-005   7511004758072025.0     
         190   5.0119999999999998E-002   9.9809999999999995E-005   7957600190216775.0     
         191   5.3089999999999998E-002   9.9809999999999995E-005   8428811764912876.0     
         192   5.6239999999999998E-002   9.9809999999999995E-005   8927741667532276.0     
         193   5.9569999999999998E-002   9.9800000000000000E-005   9457443175466476.0     
         194   6.3100000000000003E-002   9.9800000000000000E-005   10014833697392476.     
         195   6.6839999999999997E-002   9.9790000000000005E-005   10609148510287426.     
         196   7.0800000000000002E-002   9.9790000000000005E-005   11237304714260626.     
         197   7.4990000000000001E-002   9.9779999999999997E-005   11902377957861826.     
         198   7.9430000000000001E-002   9.9779999999999997E-005   12607443426789226.     
         199   8.4140000000000006E-002   9.9770000000000002E-005   13355575843889476.     
         200   8.9130000000000001E-002   9.9759999999999994E-005   14146731238265326.     
         201   9.4409999999999994E-002   9.9749999999999999E-005   14983979087112526.     
         202  0.10000000000000001        9.9740000000000004E-005   15870387941923726.     
         203  0.10589999999999999        9.9729999999999996E-005   16812102928444428.     
         204  0.11219999999999999        9.9720000000000001E-005   17806035746849178.     
         205  0.11890000000000001        9.9710000000000006E-005   18861406554297828.     
         206  0.12590000000000001        9.9699999999999998E-005   19978203008082376.     
         207  0.13339999999999999        9.9679999999999994E-005   21159429786181576.     
         208  0.14130000000000001        9.9669999999999999E-005   22411218745929824.     
         209  0.14960000000000001        9.9649999999999996E-005   23736623781854024.     
         210  0.15850000000000000        9.9630000000000007E-005   25141701615053624.     
         211  0.16789999999999999        9.9610000000000003E-005   26629494105915224.     
         212  0.17780000000000001        9.9590000000000000E-005   28206114597711224.     
         213  0.18840000000000001        9.9560000000000002E-005   29874516237614476.     
         214  0.19950000000000001        9.9530000000000004E-005   31634564335823928.     
         215  0.21140000000000000        9.9500000000000006E-005   33507698330419428.     
         216  0.22389999999999999        9.9469999999999995E-005   35503059076661928.     
         217  0.23710000000000001        9.9430000000000002E-005   37589779004681928.     
         218  0.25119999999999998        9.9380000000000001E-005   39798247404413928.     
         219  0.26610000000000000        9.9329999999999999E-005   42158893679593424.     
         220  0.28179999999999999        9.9270000000000003E-005   44640796261003424.     
         221  0.29849999999999999        9.9209999999999994E-005   47274310496131424.     
         222  0.31619999999999998        9.9129999999999994E-005   50089571106559416.     
         223  0.33500000000000002        9.9040000000000000E-005   53024716439791416.     
         224  0.35480000000000000        9.8939999999999998E-005   56140318335337416.     
         225  0.37580000000000002        9.8830000000000001E-005   59466204489917912.     
         226  0.39810000000000001        9.8700000000000000E-005   62970908712325408.     
         227  0.42170000000000002        9.8540000000000002E-005   66653053247779408.     
         228  0.44669999999999999        9.8360000000000000E-005   70571878466164408.     
         229  0.47320000000000001        9.8150000000000000E-005   74695169899600416.     
         230  0.50119999999999998        9.7890000000000000E-005   79080811762930416.     
         231  0.53090000000000004        9.7590000000000006E-005   83695201033624416.     
         232  0.56240000000000001        9.7239999999999997E-005   88564778877895408.     
         233  0.59570000000000001        9.6819999999999998E-005   93714514594027392.     
         234  0.63100000000000001        9.6310000000000005E-005   99107742625067888.     
         235  0.66839999999999999        9.5699999999999995E-005   1.0482518273849838E+017
         236  0.70799999999999996        9.4959999999999999E-005   1.1082599754206238E+017
         237  0.74990000000000001        9.4069999999999999E-005   1.1712548119381038E+017
         238  0.79430000000000001        9.3010000000000006E-005   1.2373520498249238E+017
         239  0.84140000000000004        9.1730000000000004E-005   1.3066128780559939E+017
         240  0.89129999999999998        9.0229999999999995E-005   1.3787617456752138E+017
         241  0.94410000000000005        8.8339999999999998E-005   1.4536990161722538E+017
         242   1.0000000000000000        8.6119999999999995E-005   1.5312181343287334E+017
         243   1.0589999999999999        8.3469999999999999E-005   1.6112830285805235E+017
         244   1.1220000000000001        8.0340000000000007E-005   1.6929155856037786E+017
         245   1.1890000000000001        7.6689999999999999E-005   1.7760148574754435E+017
         246   1.2589999999999999        7.2509999999999995E-005   1.8595743735000435E+017
         247   1.3340000000000001        6.7849999999999996E-005   1.9427306532542835E+017
         248   1.4130000000000000        6.2799999999999995E-005   2.0247703962144586E+017
         249   1.4960000000000000        5.7559999999999998E-005   2.1048053902561184E+017
         250   1.5850000000000000        5.2370000000000002E-005   2.1823145262475034E+017
         251   1.6790000000000000        4.7519999999999999E-005   2.2569057689257635E+017
         252   1.7780000000000000        4.3319999999999999E-005   2.3288034624371834E+017
         253   1.8839999999999999        3.9860000000000001E-005   2.3984884478286736E+017
         254   1.9950000000000001        3.7280000000000002E-005   2.4666837917916435E+017
         255   2.1139999999999999        3.5490000000000001E-005   2.5351699299550938E+017
         256   2.2389999999999999        3.4300000000000000E-005   2.6051584842498435E+017
         257   2.3710000000000000        3.3580000000000000E-005   2.6763734408682435E+017
         258   2.5120000000000000        3.3189999999999999E-005   2.7505444760526435E+017
         259   2.6610000000000000        3.3009999999999997E-005   2.8291891257516435E+017
         260   2.8180000000000001        3.2979999999999999E-005   2.9116567749697933E+017
         261   2.9849999999999999        3.2960000000000003E-005   2.9991486777631936E+017
         262   3.1619999999999999        3.2960000000000003E-005   3.0927162785695936E+017
         263   3.3500000000000001        3.3090000000000003E-005   3.1905445821775936E+017
         264   3.5480000000000000        3.3179999999999997E-005   3.2948333677204934E+017
         265   3.7580000000000000        3.3240000000000000E-005   3.4065314808757933E+017
         266   3.9809999999999999        3.3280000000000000E-005   3.5245555404487930E+017
         267   4.2169999999999996        3.3340000000000003E-005   3.6489240605014931E+017
         268   4.4669999999999996        3.3380000000000002E-005   3.7817143187902931E+017
         269   4.7320000000000002        3.3420000000000002E-005   3.9218781108382931E+017
         270   5.0119999999999996        3.3460000000000002E-005   4.0714964172142931E+017
         271   5.3090000000000002        3.3500000000000001E-005   4.2295583701330931E+017
         272   5.6239999999999997        3.3519999999999998E-005   4.3970680488904934E+017
         273   5.9569999999999999        3.3559999999999997E-005   4.5750770522080934E+017
         274   6.3099999999999996        3.3580000000000000E-005   4.7625680323789933E+017
         275   6.6840000000000002        3.3630000000000002E-005   4.9626977912580435E+017
         276   7.0800000000000001        3.3660000000000000E-005   5.1744857006946432E+017
         277   7.4989999999999997        3.3670000000000001E-005   5.3988650236974438E+017
         278   7.9429999999999996        3.3739999999999999E-005   5.6370313058200934E+017
         279   8.4139999999999997        3.3769999999999997E-005   5.8901328817581440E+017
         280   8.9130000000000003        3.3779999999999998E-005   6.1579750452928934E+017
         281   9.4410000000000007        3.3810000000000003E-005   6.4416178807576934E+017
         282   10.000000000000000        3.3869999999999999E-005   6.7423454926360934E+017
         283   10.590000000000000        3.3909999999999999E-005   7.0623406888378931E+017
         284   11.220000000000001        3.3949999999999999E-005   7.4005120654081933E+017
         285   11.890000000000001        3.3949999999999999E-005   7.7598345235426931E+017
         286   12.590000000000000        3.3980000000000003E-005   8.1402767436198426E+017
         287   13.340000000000000        3.4039999999999999E-005   8.5432612227366426E+017
         288   14.130000000000001        3.4069999999999997E-005   8.9709479347930931E+017
         289   14.960000000000001        3.4159999999999998E-005   9.4246524581781414E+017
         290   15.850000000000000        3.4180000000000001E-005   9.9065022128994419E+017
         291   16.789999999999999        3.4190000000000003E-005   1.0417044135205243E+018
         292   17.780000000000001        3.4310000000000002E-005   1.0959205298297742E+018
         293   18.840000000000000        3.4369999999999998E-005   1.1534579762915141E+018
