  0.0000000E+00  0.0000000E+00  0.0000000E+00   1000.000    
 -1.3851714E-02  1.8444851E-02  6.9461614E-02   1000.000    
   1.736053      -2.801739      -8.091327       1000.000    
   1.099376      -3.708835      -5.771056       1000.000    
   6.171431      -6.474710       2.915661       1000.000    
 -0.8556989      -2.689750      -3.479061       1000.000    
   7.870624       2.541896       3.605945       1000.000    
   5.566035       1.440803       7.792621       1000.000    
   3.908699      -1.946879     -0.5173017       1000.000    
   2.010503       1.308431      -3.483031       1000.000    
   4.424272       4.211406      -6.064850       1000.000    
   8.230191       1.022121      -5.554924       1000.000    
  1.8580977E-02 -0.8007423      -5.479952       1000.000    
  -5.534059      -1.384581      -1.917315       1000.000    
   5.679104      0.9148585      -5.312340       1000.000    
   1.050746      -9.760385      -1.709321       1000.000    
   1.913896      -6.661650      -3.198538       1000.000    
 -0.7312527      -6.132818       4.426026       1000.000    
   1.875438       7.595087      -3.878177       1000.000    
  8.5801445E-02  -5.947379       3.202091       1000.000    
  -5.357630      -5.778373      -2.240138       1000.000    
   5.669603       5.495261      0.4635641       1000.000    
   6.291644      -1.286237       4.965371       1000.000    
 -0.8678108       2.028333       8.088065       1000.000    
   7.639231      0.8134291      -2.894425       1000.000    
   3.346845      -5.465407      0.5029617       1000.000    
   5.687866       1.670191      -1.511240       1000.000    
  -3.109734       5.509306      -4.990883       1000.000    
 -0.2193021      -8.795735      -3.904575       1000.000    
  -3.367172      -4.952929      -2.184041       1000.000    
  -3.268058     -1.9553684E-02  -9.217813       1000.000    
  -5.585238      -4.258869       2.760339       1000.000    
  -2.812942     -0.6392673      -4.712843       1000.000    
  -5.509303       5.887782      -1.055076       1000.000    
  -4.959347      -3.737562       4.840173       1000.000    
 -0.1839936      -8.603053      0.3827692       1000.000    
   2.092748      -1.747659      -8.272425       1000.000    
  -1.679040      -2.137984      -8.810606       1000.000    
  -1.199910       5.619417       3.540857       1000.000    
  -3.623256      -7.261903       5.482100       1000.000    
   3.357884       6.310201       3.984922       1000.000    
  -6.177553       1.753042      -6.932737       1000.000    
   3.007534       7.606572      -2.203018       1000.000    
 -0.1713623       4.085181      -1.856649       1000.000    
   3.635464       5.335742       1.611661       1000.000    
   1.355727       3.365772      -8.823583       1000.000    
   6.808678      -1.739152       5.229637       1000.000    
   6.590438      -3.445208      -3.995456       1000.000    
  0.3051171      -2.055104      -6.755801       1000.000    
  -4.299596      -4.735275       5.270497       1000.000    
  -5.480132      -3.924585       6.435038       1000.000    
   3.470681      -7.685862       2.141672       1000.000    
   1.947437     -0.9311427      -7.877042       1000.000    
   1.272562       4.022927       8.321245       1000.000    
   2.713212       4.505569       6.777160       1000.000    
 -0.7117187       6.496273       4.673117       1000.000    
  0.3955897      -1.091329       3.943361       1000.000    
 -0.7351159      -3.768137      -7.189465       1000.000    
   6.553765       1.819563      -4.481871       1000.000    
  -3.841218       4.793905      -1.450392       1000.000    
  0.9911515       3.301413      -4.976505       1000.000    
  -2.337098      -6.293168      -7.206051       1000.000    
   4.998138      -3.349525       1.504549       1000.000    
  -1.091559      -7.193145     -0.6297487       1000.000    
   5.166872       7.482093       3.276748       1000.000    
   2.520212      -8.778251      -2.220453       1000.000    
  -2.610197      -1.941905      -1.771297       1000.000    
   6.141932      -5.079624       5.731869       1000.000    
   5.422260      -5.044493       2.516597       1000.000    
  -6.447059      -5.752539     -6.5317139E-02   1000.000    
   5.261728      -5.563828       3.046268       1000.000    
 -0.2376717       4.013672       4.372658       1000.000    
   4.391841      -6.134284       4.576488       1000.000    
  -3.705474       5.227509       5.992764       1000.000    
   2.349598      -8.045849       1.413558       1000.000    
  -4.032033       6.142071     -0.6581969       1000.000    
  0.5263837      -7.345692       5.442355       1000.000    
   2.548516       7.674150      0.7433493       1000.000    
   2.439067       7.911642       3.767416       1000.000    
  0.7457551      -8.043320       2.924819       1000.000    
  -1.584385      -3.577136       6.433251       1000.000    
   4.177171       6.511494      -6.179925       1000.000    
   4.526582      -3.645888      0.6740794       1000.000    
   4.450572       1.184885      -8.026782       1000.000    
  -1.927281       5.810264      0.4527228       1000.000    
   5.367774      -5.041008      -1.032470       1000.000    
  -2.566741       8.414186      -3.865127       1000.000    
  -7.736542       1.782450      -1.119494       1000.000    
  -5.228374      -6.646579      -1.531961       1000.000    
  0.7651615      -6.960042     -0.8011366       1000.000    
 -0.9618394      0.4734976       8.660192       1000.000    
 -0.4524951      -4.937222       8.555532       1000.000    
   1.655080      -3.054097       6.036001       1000.000    
   2.782573      -1.938128       6.638522       1000.000    
  -3.528748       2.540336       5.120618       1000.000    
  -7.879171      -5.584515       1.804218       1000.000    
  0.3434057       2.635643      -8.641005       1000.000    
   6.429270      -1.453505       2.745192       1000.000    
   1.887457       7.435407       1.387849       1000.000    
   2.584135      -3.831055       8.457608       1000.000    
 -0.8164472       6.492560       2.070723       1000.000    
   3.200762      -3.252491      -8.800028       1000.000    
 -0.5051966      -7.613973       1.604440       1000.000    
   6.112447       5.196015      -1.068512       1000.000    
  -2.328855      -3.996386      0.4031834       1000.000    
   3.013857      -3.464558       7.229739       1000.000    
 -8.8012785E-02   7.306457      -5.291122       1000.000    
  0.7275691      -5.310201       8.010166       1000.000    
  -2.390536       2.551497      0.2860711       1000.000    
   1.271819       8.727439       3.830394       1000.000    
  0.3251711      -2.354310      -2.590736       1000.000    
   4.106458       1.759963      -7.136111       1000.000    
  -6.189249      -1.853824       6.345885       1000.000    
 -0.9699470       1.665481       4.952104       1000.000    
  -4.080160       1.520017       2.100675       1000.000    
   2.882887       3.826598      0.9006003       1000.000    
   2.159084      -2.432928       2.330327       1000.000    
   4.001685     -0.7022128      0.1053979       1000.000    
   5.185454      -2.904686       4.368848       1000.000    
  -8.134833       5.006128      -1.183114       1000.000    
   5.419472     -0.9977012       7.179048       1000.000    
  -5.358810      0.3626373       1.016820       1000.000    
 -9.1723561E-02   5.475124      -4.665524       1000.000    
 -0.9792889      -9.772291     -0.2333044       1000.000    
   1.922216       2.343565       8.062532       1000.000    
   4.907849      -6.161540       5.827727       1000.000    
   3.424914      -4.909340      -1.128319       1000.000    
 -0.3023627       7.566842      -3.205867       1000.000    
   4.993893      -2.270808      -6.670472       1000.000    
   2.187454      -2.790107      -2.995441       1000.000    
  -6.818384      -2.601470      -3.044865       1000.000    
  -8.648548       1.043949      -3.188049       1000.000    
  0.7720962       7.225821      -5.827521       1000.000    
  -3.977541      -1.465570      -1.941663       1000.000    
   1.488502       6.571339       2.043292       1000.000    
  0.7949221       4.277873      -4.666725       1000.000    
  -3.072636       3.678825       3.109535       1000.000    
  -2.691578      -8.006641       3.165965       1000.000    
  -4.050668       6.115804      0.8717290       1000.000    
  -4.080601      -6.873866      -4.925886       1000.000    
   6.919321     -0.5382078      -6.600685       1000.000    
   5.089361      -3.534534      -6.085489       1000.000    
  -4.806612      -5.963826       5.550155       1000.000    
   3.977841     -0.8445987       3.168351       1000.000    
   5.206754      0.5541123       4.821629       1000.000    
  -1.730315      -1.992583      -7.471798       1000.000    
  -4.849467      -4.929281      -6.654277       1000.000    
  -1.171693       3.475101       1.344195       1000.000    
 -5.5900611E-02   2.903449      -4.050357       1000.000    
   4.894942     -0.4124925       2.441962       1000.000    
  -6.951593      -4.490869     -0.8772315       1000.000    
  -4.365641      -4.858453      -6.404956       1000.000    
   4.453629      -3.707490       5.965396       1000.000    
  -1.234783       1.160435      -4.151522       1000.000    
  -5.264936      -5.724230       6.095785       1000.000    
   6.521609      -3.992060      0.6488495       1000.000    
   2.954155       1.878527       7.656098       1000.000    
   6.863234       3.567822      -1.665303       1000.000    
   4.274963       3.974806      -5.163554       1000.000    
   2.754194      -1.880463      -1.453055       1000.000    
   2.603384       1.867572       6.006424       1000.000    
  -3.733241       3.843719       8.292368       1000.000    
  -5.296246       1.596042      -7.507750       1000.000    
  -1.552410       8.625240       3.364391       1000.000    
  -1.877125       5.106703       4.455087       1000.000    
   2.559905      -2.838300      -3.842764       1000.000    
   5.122676       6.178492       2.122868       1000.000    
  -9.710678      -2.061204     -0.3337587       1000.000    
  -1.566865       4.933930      0.3143608       1000.000    
  0.9913798      -8.532876      -4.298231       1000.000    
  -1.908646      -5.684929       2.118426       1000.000    
  -2.816682      -4.384799       1.849603       1000.000    
   3.878877      -7.054946       1.200071       1000.000    
  -3.359717     -0.8679601      -9.088775       1000.000    
  -3.286850     -0.9685472      -8.349064       1000.000    
  -4.983477      -2.358534      -2.196921       1000.000    
  -3.378914       4.865693       6.801834       1000.000    
   4.326813      -8.156633      9.7143151E-02   1000.000    
  -1.195918       2.905849      -3.207923       1000.000    
  -5.362872       4.715418       1.509359       1000.000    
  0.1100068      -6.388379      -4.298996       1000.000    
   9.395155      0.9540536       2.728581       1000.000    
  -4.289920      -8.136222      -2.990187       1000.000    
  -2.603873      -1.710588       2.859721       1000.000    
  -7.150628     -0.9071115      -1.041588       1000.000    
  0.2622635      -2.444018      -7.929152       1000.000    
   7.731324      -1.900259       5.139444       1000.000    
  -5.739943      -1.582025       3.192898       1000.000    
   5.385043      -1.196918      -2.668567       1000.000    
  -5.223536      -6.555713      -1.238185       1000.000    
  -7.036101      -2.928867       5.211623       1000.000    
  0.8508077      -2.212513      -4.286652       1000.000    
 -0.9062680      -6.443921     -0.5165802       1000.000    
   6.443447      -5.235133      4.9861014E-02   1000.000    
  -5.308816      -2.025307       7.252880       1000.000    
   5.056170       1.969579       7.134700       1000.000    
  -6.029212      -6.052099     -0.2544124       1000.000    
  -1.309102       7.314999       5.149713       1000.000    
  0.6215801     -0.8443750       7.212614       1000.000    
   2.471196      -5.195169       7.483794       1000.000    
  -4.364158      -5.841656      -1.446176       1000.000    
   3.781155      -1.081424       1.415819       1000.000    
  -7.091798       3.440862      -2.386693       1000.000    
   1.129978      -6.275460       7.544860       1000.000    
  -9.063563     -0.7017811      -2.539996       1000.000    
   6.353418      0.5835450       6.283867       1000.000    
  0.6313380      -6.908419       2.017759       1000.000    
   5.290285     -0.9058149      3.1205619E-02   1000.000    
   6.625684      -5.996222       2.152419       1000.000    
  -2.151992      0.7422529      -9.434727       1000.000    
  -1.292049      -7.089924       5.526609       1000.000    
  -2.872263       4.050406      0.1681329       1000.000    
  -5.986132      -4.814447      -3.217366       1000.000    
  -7.602004     -0.8957825      -2.605155       1000.000    
  -6.651739      -2.812702       4.337745       1000.000    
   2.609508      -8.933259      -3.518294       1000.000    
  -9.358165      -3.243921      0.3453612       1000.000    
  -9.048162     -0.6189401       2.724865       1000.000    
   3.846843      -6.485447       3.049231       1000.000    
  -3.649793       5.986475       2.079932       1000.000    
 -0.7120024      -6.575578      -5.918648       1000.000    
   3.805750       1.151051      -8.113250       1000.000    
   3.646309      -5.313893      -2.916726       1000.000    
   5.187882       4.949499       4.494503       1000.000    
   4.062742      -3.384984       2.549716       1000.000    
   8.409153      -3.222665       2.083928       1000.000    
  -1.058512     -0.6462027      -7.575249       1000.000    
   5.742603      -1.942599       6.317350       1000.000    
   2.888162      -3.949621      -5.231006       1000.000    
   3.061536       1.467992       6.257837       1000.000    
   8.031855       1.445688       5.293529       1000.000    
   1.173522      0.6039641       3.548451       1000.000    
  -6.862244      -3.430689     -0.2010500       1000.000    
  -4.177446      -1.146661      -1.090550       1000.000    
  -3.246547      -1.851739       8.245754       1000.000    
  -3.410583       2.983655      -3.866108       1000.000    
 -0.9809647      -8.012135       1.874450       1000.000    
 -0.4403122      -1.547641       6.392239       1000.000    
   2.518520      0.3588057       4.512986       1000.000    
  0.9857988      -9.538578      -2.766079       1000.000    
   1.700546      -1.167756       2.954901       1000.000    
  -4.557577      0.2780348      -5.177399       1000.000    
   5.627210       3.397100      -5.958647       1000.000    
  -4.576749       5.479652      -1.972173       1000.000    
  -5.094045      -5.875337       3.105581       1000.000    
   8.261931       2.157246      -2.532072       1000.000    
  -4.732286       1.372099     -0.9655321       1000.000    
   1.887585      -8.089024       4.697500       1000.000    
  -4.593314      -5.891932       6.625690       1000.000    
  -6.786057      -5.150689       3.376543       1000.000    
   5.223915      -1.402298       3.925006       1000.000    
  -3.605270       1.422108       7.427809       1000.000    
   8.019975      -4.886979      0.2962062       1000.000    
 -0.1922314       8.942232      -4.214998       1000.000    
  -3.322952      -2.861066       1.862898       1000.000    
   4.919849       3.748098      -3.868296       1000.000    
 -0.2028296     -0.4481608      -2.185732       1000.000    
 -0.3072233      0.6306505      -1.664026       1000.000    
   2.777169       6.163576      0.1135394       1000.000    
   1.475459       7.358131       6.437684       1000.000    
  -7.876839      -2.079678     -0.3627723       1000.000    
   2.184435       7.536349      -1.622079       1000.000    
   7.603394       4.661987       4.155786       1000.000    
   1.321117      -5.506846      -2.442292       1000.000    
   5.247283     -0.3366244       2.503565       1000.000    
  -8.679468     -0.6914568      1.8853653E-02   1000.000    
   7.806895       3.704179      -1.833384       1000.000    
   1.880728      -1.941307       6.889177       1000.000    
   2.404132      -6.129883     -0.8969319       1000.000    
   3.452929      -6.576039       6.417573       1000.000    
  -1.297999       1.923383       7.800694       1000.000    
 -0.5999174       5.467644      -4.309268       1000.000    
   4.069602      -1.443434      -7.661526       1000.000    
   5.290198       5.262101      -6.177668       1000.000    
   5.192150      -2.193213       4.808182       1000.000    
  4.8590161E-02  -5.521141      -4.600535       1000.000    
  -7.873308       4.906794       2.714162       1000.000    
   5.143516       5.669154      -4.944379       1000.000    
  -7.026127       1.999436      -2.663819       1000.000    
  -2.524339       4.189694       8.595996       1000.000    
 -0.9910460       5.305366      -3.197601       1000.000    
   9.605493      -2.123779      -1.260044       1000.000    
  -4.164869       7.635084     -0.8972461       1000.000    
  -2.038178      -5.279541       5.350240       1000.000    
   5.456114     -0.3358592      0.5381757       1000.000    
   7.580194     -0.7324087       1.716564       1000.000    
   2.799624       2.742837      -8.508112       1000.000    
  -5.874711     -0.2175072      -4.429854       1000.000    
   5.688674       2.757246       6.699739       1000.000    
   6.550206      -2.186862       2.019139       1000.000    
   3.540792      -1.298519       3.000565       1000.000    
 -0.2773185       2.610411       2.077881       1000.000    
  -7.929648       5.642585      -1.005671       1000.000    
  -9.297349      0.3475494      -3.306590       1000.000    
  -8.251649     -0.2998421       3.143120       1000.000    
   4.216798       7.535207      0.7884312       1000.000    
  -3.045150     -0.8904188       8.784300       1000.000    
   2.451097       3.811123       2.271447       1000.000    
   5.709700      0.2313815      -7.567276       1000.000    
  -2.275270       5.566187       2.988916       1000.000    
  -1.012641      -1.257804       9.443754       1000.000    
   4.486649      -3.721502      -8.009332       1000.000    
   4.445241       1.386446      -5.102279       1000.000    
  -1.677679     -0.8692116       3.638762       1000.000    
  -1.817081       2.816850      -2.017782       1000.000    
 -0.7395173       8.372281       3.844091       1000.000    
   4.198056      -7.280578       4.635139       1000.000    
  0.9197268      -1.418150      -1.259874       1000.000    
   1.532791      -5.101269      -5.951005       1000.000    
  -6.647498      -1.412817      -5.185037       1000.000    
  -1.678815     -0.1573026       7.051823       1000.000    
  -2.358138      -2.250684       5.095737       1000.000    
 -0.8855175       4.312890      -3.832818       1000.000    
   1.273664       6.435816       2.066486       1000.000    
  -4.024164      -3.048410       6.165226       1000.000    
  -2.025626      -3.974632       8.516121       1000.000    
  0.6133170       4.080103      -8.481416       1000.000    
  -6.651878      -4.751124      -4.338731       1000.000    
 -0.3629297     -0.1546139       3.657054       1000.000    
  -4.236414       3.204473       4.808010       1000.000    
  -2.921195      -4.828604      -7.210457       1000.000    
  -2.334380      -2.736901       6.642359       1000.000    
  0.6983691       5.878972       6.174580       1000.000    
  -1.409809       1.145271       5.149095       1000.000    
  -3.672619      -8.016234     -0.4921561       1000.000    
   2.826896      -6.430618     -0.3174661       1000.000    
   2.499177       1.123695      -1.528808       1000.000    
   3.568969      -4.983815       1.305622       1000.000    
   1.865571     -0.9123362      -5.375743       1000.000    
   1.054183      -8.450660      -1.758647       1000.000    
  -6.719624      -3.553209       4.281469       1000.000    
   8.554847      -3.035117       3.981952       1000.000    
  -1.286180      -4.412191      -5.990174       1000.000    
  -2.026510      -3.705300      -2.334861       1000.000    
 -0.8585852       6.254474      -2.118051       1000.000    
  -1.593488      -8.536686      -1.124698       1000.000    
  -4.085022       3.120627       6.880807       1000.000    
 -1.3015743E-02 -0.2654678       6.921469       1000.000    
  -1.406397      8.3908245E-02   2.429445       1000.000    
  -7.983780     -6.3416526E-02   4.498333       1000.000    
   2.307341       6.147776      -3.524827       1000.000    
  0.6334468      -3.499867       9.245964       1000.000    
  -4.084102       1.230517      -1.137928       1000.000    
   2.609014       8.374898      -3.168769       1000.000    
  -6.555256      -3.521532      -5.790460       1000.000    
  -1.432322      -6.485390      -3.160941       1000.000    
 -1.7547198E-02  -1.972883      -4.024091       1000.000    
 -0.1971584      -3.930518       5.517686       1000.000    
  -4.451280     -3.1299815E-02  -6.056749       1000.000    
   2.019986      -5.033889      -6.121547       1000.000    
  -6.935329      -2.410704      -3.948896       1000.000    
  -1.134520       8.131195       3.079267       1000.000    
   5.180235       3.646568      -6.989510       1000.000    
  -7.121406       5.239961      -2.716783       1000.000    
   5.392742      -1.695153      -1.103566       1000.000    
   6.425531      -6.861179     -0.4079211       1000.000    
  -4.759309      -4.447859      -3.008013       1000.000    
   3.324909       2.748630      -7.781881       1000.000    
   1.142476     -0.2476547      -7.014564       1000.000    
   7.361090      -3.781132       3.870339       1000.000    
   4.124593       7.685845      -4.386407       1000.000    
   7.685428     -0.8190010      -1.475519       1000.000    
   5.555578       7.633534      -1.739872       1000.000    
   6.671275      -5.672044       3.720406       1000.000    
  -5.360447      -4.743068       6.858538       1000.000    
  -3.991523      -5.895239       6.509216       1000.000    
  -7.224093       2.750206      -1.597758       1000.000    
  -1.815533       7.699044      -5.323451       1000.000    
  0.9587576       2.283915       9.484976       1000.000    
   3.609308       2.226271       1.368666       1000.000    
 -0.2413556      -7.651472      -1.451538       1000.000    
   2.742492      -4.281983      -2.608121       1000.000    
  -1.413855       5.829156      -4.249923       1000.000    
   2.142264       2.711989      -7.059981       1000.000    
  -4.562137      -4.506046       7.649822       1000.000    
   5.627314       5.047604       1.793633       1000.000    
  0.4628702       5.382264       3.966261       1000.000    
   3.348131       5.616122       3.514324       1000.000    
 -0.7421975       6.148329      -3.377311       1000.000    
   7.138600     -0.9932557      -3.297072       1000.000    
  -3.114144      0.9661228       3.523096       1000.000    
  -8.072433      -5.707726       1.071822       1000.000    
  -3.620155      -7.147405       4.750499       1000.000    
 -1.4636283E-02   4.875348       6.370086       1000.000    
  -1.250078      0.3283111       8.996509       1000.000    
  -4.459896     -0.4156882      -5.936660       1000.000    
   2.714404     -0.5435164      -2.623931       1000.000    
   4.041054       5.197592       1.803893       1000.000    
   7.870453      6.6656068E-02   2.338108       1000.000    
  -3.238878       6.841616      -3.948008       1000.000    
   4.452456       3.803659       7.449720       1000.000    
  -1.255248      -6.760463      -3.642521       1000.000    
   6.282303       4.203343      -2.372558       1000.000    
   3.832753     -0.3908049       6.498550       1000.000    
   9.132761      -3.415991     -0.9828084       1000.000    
  0.1066014       4.310200      -8.413953       1000.000    
  -1.717363      -6.212660      -7.644417       1000.000    
   4.907124       7.730639     -0.9154173       1000.000    
  0.9113414       9.863272     -0.3331461       1000.000    
   4.157952       4.059045      -4.495846       1000.000    
   8.324149       1.285843      0.5580341       1000.000    
  -2.222677       7.216358       3.893551       1000.000    
  -1.245211       3.039624       1.281658       1000.000    
   4.198166      -5.007907      -6.274280       1000.000    
   2.737146      -7.012876      -4.209414       1000.000    
   1.805400       3.055355      -8.266598       1000.000    
   5.253679      -5.794744       2.997031       1000.000    
   5.914389       1.657026      -5.950113       1000.000    
 -6.8199709E-02  -6.297377       7.040999       1000.000    
  0.5144789      -7.781727      0.7412246       1000.000    
  -1.092139      -2.646885       6.408578       1000.000    
  -6.057871       3.390047      0.1135182       1000.000    
  -5.058991       2.010341       5.839734       1000.000    
   6.017941       7.047371       1.835463       1000.000    
  -5.910707      0.3215046       5.624285       1000.000    
   6.361520      -3.375864       3.653538       1000.000    
   7.489973       3.757820       4.234670       1000.000    
   4.446318       1.265921       1.333603       1000.000    
  -6.702056      -2.890955       5.219057       1000.000    
  -1.322735      -1.456808       6.405749       1000.000    
  0.1745421      -3.634197       7.219096       1000.000    
   4.892736       4.111525      -1.172804       1000.000    
  -4.016689      -2.223509      -3.753983       1000.000    
  0.5763781       1.150833       9.796690       1000.000    
  -6.826487       5.072676     -0.5235531       1000.000    
 -0.7258323       3.238666       4.322285       1000.000    
  -2.535956       5.356432     -4.6580646E-02   1000.000    
  -8.409487       1.254000       1.322104       1000.000    
 -0.5394826      -1.670751       1.856592       1000.000    
   2.957924       1.737900       3.654495       1000.000    
  -6.622138      -4.732863       5.684470       1000.000    
   6.160291       1.201875     -0.6184924       1000.000    
   6.032411      -6.729965      -2.769484       1000.000    
   3.926292       3.460616      -2.317657       1000.000    
  -3.745411      0.1660894      -8.248126       1000.000    
  -1.116519       2.485407      -2.355776       1000.000    
  -5.364799       3.294819      -4.454869       1000.000    
   5.881999       4.465725      -5.825273       1000.000    
  -4.397393      -1.761518     -0.3603475       1000.000    
   1.656136      -1.657552       2.962556       1000.000    
  -4.757493       4.742558      -1.941619       1000.000    
   5.507953      -6.538870       2.512927       1000.000    
   4.291380      -1.040819       1.471042       1000.000    
  -2.714534       5.175457       3.759418       1000.000    
  -5.309331      0.8935814       2.827719       1000.000    
   6.072673      -4.874536      -5.253428       1000.000    
  -8.870554      -2.207113     -0.8557380       1000.000    
  -7.344438      -1.816580       5.836781       1000.000    
  -3.441985       7.582269       4.733117       1000.000    
  -4.526178      -5.548225      -5.966515       1000.000    
  -1.943107      -8.848086      -1.682382       1000.000    
   3.845202      0.5613385      -3.061242       1000.000    
   6.943663      -5.841570      -3.542688       1000.000    
 -0.2291918      -6.438241       6.971881       1000.000    
   4.619324      -2.717384       6.104053       1000.000    
   9.378201      -1.484714      0.2247688       1000.000    
 -0.8178414       1.304578       5.070688       1000.000    
  -5.371561       3.432553     -4.0594816E-02   1000.000    
  -4.644225      -6.597743     -0.8752592       1000.000    
   4.827587      -7.041642      -1.860698       1000.000    
   6.880421      -3.762424      -4.486930       1000.000    
   4.036069     -0.5107398       7.361683       1000.000    
  -3.033156       5.046710      -6.233150       1000.000    
   2.063686       5.242342       1.130958       1000.000    
   4.734307       1.036025     -0.8690648       1000.000    
   4.509526       6.663646     -0.2651506       1000.000    
 -0.4870550      -3.529577     -0.3829258       1000.000    
   5.541778       6.091600       3.905785       1000.000    
  -1.376782       2.378603      -3.091787       1000.000    
 -0.6580431     -0.4222398      -1.066878       1000.000    
  -5.299945      0.7826130       8.154566       1000.000    
 -4.3341439E-02  -3.026454      -8.062529       1000.000    
  0.2402207      -2.719078      -7.469236       1000.000    
   3.697206       5.828596     -0.3269993       1000.000    
  -7.386701       1.023957      -2.020449       1000.000    
   5.326535       2.207238       4.132035       1000.000    
 -0.1907189      -8.639986       3.265323       1000.000    
   4.299914       1.943248     -0.7059517       1000.000    
  -1.129681       9.753474     -0.3231190       1000.000    
 -0.1964655      -3.883176     -0.7036406       1000.000    
   3.592669     -0.6969174      -3.280813       1000.000    
   4.166770     -0.6994936       7.326631       1000.000    
  -9.331781      0.5055451      -2.402004       1000.000    
   1.168571       1.148734       5.504267       1000.000    
 -0.2427344       6.309888      -6.094958       1000.000    
   2.686827       4.068500      -3.664670       1000.000    
  -1.212510       7.924554       2.330299       1000.000    
   2.519224       3.581091      -8.819104       1000.000    
  -1.374009      -2.859957      -5.654044       1000.000    
  -1.761279       1.895341      -8.974605       1000.000    
 -0.8857102       7.625121       6.226611       1000.000    
   6.189099      0.2329779      -1.815652       1000.000    
   3.110810       5.834493      -5.157435       1000.000    
 -0.8072739      -8.447576      -4.102808       1000.000    
  -1.131625       6.527854       1.607159       1000.000    
   4.102636       3.113280       6.508134       1000.000    
  0.6667680       3.135798      -1.597790       1000.000    
   1.080377      -1.256081       2.373568       1000.000    
 -0.9211324      -3.951595       1.820763       1000.000    
 -0.8559740      -6.475819      -3.278437       1000.000    
   6.203053       6.952963       2.920650       1000.000    
  -8.434932       2.004946       2.876432       1000.000    
   5.804892      -1.384117       5.875455       1000.000    
   4.179791      -4.625286       7.375201       1000.000    
   4.038871     -0.1744483      0.1066735       1000.000    
   4.019457       2.727968     -0.2054722       1000.000    
 -0.1363042      -3.209805       4.200577       1000.000    
   7.289143       4.522211      -1.655697       1000.000    
   5.928504       5.683423       3.400466       1000.000    
   6.329919       1.749587      -7.343962       1000.000    
  0.8801718      -7.046296      -4.096605       1000.000    
  -1.312625       2.183739       3.082781       1000.000    
  -3.026733      -5.556118       3.984987       1000.000    
  -3.508617       1.347440      -3.954319       1000.000    
  -3.561477      -2.267200     -0.1534950       1000.000    
   4.075815      -3.401738       1.455352       1000.000    
 -0.6205094       8.671045       1.390581       1000.000    
   9.146448      -1.464400       1.248094       1000.000    
   7.905685      -3.078223       3.033695       1000.000    
   5.682630       4.762969       4.197865       1000.000    
 -0.8898494       9.662821       2.266736       1000.000    
  -5.261766      -7.075960      0.8434331       1000.000    
  -2.902357      -3.095993       6.396585       1000.000    
   4.173419      -4.350388      -7.406655       1000.000    
   6.047219       6.249892       1.422235       1000.000    
  -2.930823      0.7403245      -8.487231       1000.000    
  -9.104776      -3.250858      -1.047542       1000.000    
  -1.213888      -7.586413      -4.050915       1000.000    
 -0.4326060       6.255391       6.495870       1000.000    
  0.8883305      -3.989429       2.023245       1000.000    
  -8.102539       3.552502      -1.423307       1000.000    
   5.942428      -6.475802       4.127041       1000.000    
  -4.750132      -8.463147       1.946071       1000.000    
  -3.112569       5.486333      -1.198747       1000.000    
  -8.669601       4.714119       1.297119       1000.000    
   1.868952       3.559757      4.4454824E-02   1000.000    
 -0.8309350       2.870880       4.719383       1000.000    
 -0.4110695     -0.8329595     -0.3572183       1000.000    
   4.885623       2.474601      -3.311937       1000.000    
   2.687213     -0.3655577      0.1638006       1000.000    
  -3.794771       5.992800      -3.284624       1000.000    
  0.2938029      3.9683171E-03   2.275315       1000.000    
   5.285676      -1.699618       1.740157       1000.000    
  -4.930524      -2.489435      -3.846883       1000.000    
   1.385360     -0.8849106     -0.8363631       1000.000    
   1.669310      -5.515028      -5.483667       1000.000    
  -1.661617       2.405537      -6.969056       1000.000    
   4.227577       6.904752      -3.603990       1000.000    
  -3.824172       3.298405     -0.9504256       1000.000    
   2.247459       1.938390      0.1093384       1000.000    
  0.8862342      -6.790673      -6.675417       1000.000    
   6.878901       5.685698      -2.186472       1000.000    
  -2.210109       9.327693      0.4171224       1000.000    
  0.5150470      -1.996066       3.942639       1000.000    
  -4.109774       4.843128       6.634301       1000.000    
  0.1798970      -1.171668       8.349805       1000.000    
   2.207192      -4.175917       7.749752       1000.000    
  0.1183129       7.002117      0.2538202       1000.000    
  -2.668532      0.5983276       2.038136       1000.000    
  -6.299957       2.993149       4.115447       1000.000    
  0.4308985       4.992438       7.390159       1000.000    
  -2.416773      -3.177445      0.4455784       1000.000    
  -7.658972      -2.430742      -1.777216       1000.000    
  -3.452819       4.994558      -5.982347       1000.000    
  -3.971162       4.997415       3.760305       1000.000    
   4.432928      -1.224591      -7.559543       1000.000    
   1.007624      -8.149711       1.011594       1000.000    
   3.552482      -1.818089      -3.955468       1000.000    
   4.244562      -1.887613      -3.330864       1000.000    
  -2.905005       3.654184      -3.263214       1000.000    
 -0.4524674      -5.425258      -7.991929       1000.000    
 -0.5325372       6.408463      0.8559382       1000.000    
  0.1753770       4.955423      -3.621673       1000.000    
   2.728262       3.472455     -0.3860668       1000.000    
   3.143344      -6.165821       3.301985       1000.000    
   4.137717       6.073380       4.794939       1000.000    
   4.771237       2.047017       6.676765       1000.000    
  0.2091018      -4.470367     -0.5399008       1000.000    
   4.395760      -5.318260     -0.3123702       1000.000    
  -1.894423      -2.660492      -9.392086       1000.000    
  -1.767234      -1.505649       5.572746       1000.000    
  -3.287562       1.079887       8.717555       1000.000    
  -2.277925      -6.924588      -6.533199       1000.000    
   2.432505       4.652640       5.836020       1000.000    
   8.612055       2.638307      -2.111194       1000.000    
  0.2234231      -7.328706      -3.479105       1000.000    
  -1.987119       7.137255       1.649308       1000.000    
   5.563945       5.753292     -0.8616256       1000.000    
  -5.668691      -5.554305      -3.677016       1000.000    
  -8.698709       1.301006       3.063386       1000.000    
   2.470460       4.646067       8.167772       1000.000    
   4.585922      -6.329185       1.544453       1000.000    
   5.846941       2.211557      0.3086199       1000.000    
  -4.650419       1.106936      0.5586841       1000.000    
  0.8584803       9.643224       1.614002       1000.000    
  -1.956721      -2.075337       1.249755       1000.000    
   4.512197       2.930738       2.748525       1000.000    
  -4.843293       2.902938       7.927780       1000.000    
  1.9121621E-02  -8.412138       1.682660       1000.000    
   2.223084      0.8811132      -5.260158       1000.000    
  -3.952138       1.527393       2.077127       1000.000    
  0.5674377       8.490530       4.747096       1000.000    
  0.1104623      -5.601192      -6.251034       1000.000    
  -2.205557      -4.940511      -5.926954       1000.000    
 -0.5642514       5.434018       5.971997       1000.000    
  -2.305022       1.313364      -1.193029       1000.000    
 -0.6037113      -3.219275       5.092453       1000.000    
 -0.4412066       2.127155      -9.746797       1000.000    
   8.017247       2.117462      -1.235980       1000.000    
  -4.963503      -2.083795      -2.336200       1000.000    
  -1.062306      -4.549810       5.837543       1000.000    
   5.594437       2.138585       5.632524       1000.000    
  -4.653228       3.378251      -6.671609       1000.000    
   1.437880       7.480683       6.313536       1000.000    
  -2.436126       1.082853     -0.7562538       1000.000    
  -1.900047       3.379736       5.132084       1000.000    
  0.5144336      -7.955939      -5.469740       1000.000    
  -2.197375       9.016687      -1.278706       1000.000    
   7.382701      -4.659015     -3.2284260E-02   1000.000    
   7.679766      -6.099719     -0.5897709       1000.000    
   5.463516       8.141751      -1.778777       1000.000    
   7.032645       4.458821       2.088955       1000.000    
   5.852699       3.555203      -1.142972       1000.000    
  0.2349490      -8.135071      -1.374877       1000.000    
  -5.035639      -5.823052      -4.723466       1000.000    
   8.345720       3.373544       1.497338       1000.000    
   4.198281       6.759264      -4.306727       1000.000    
   4.875729       7.167325      -2.936968       1000.000    
   7.528786     -0.1873386       5.370371       1000.000    
  -2.684730       2.745753      -5.966444       1000.000    
  -4.349423      -6.125379       4.154112       1000.000    
   6.367066       4.965241       3.828885       1000.000    
   1.334129      -2.930923       9.119452       1000.000    
  -1.011295      -3.932784     -0.6026024       1000.000    
   2.198555       2.917102      -6.804761       1000.000    
  -9.199208       1.012392      0.5335012       1000.000    
  -4.604765       5.528518       1.215399       1000.000    
  -1.341920      -1.959480       2.213342       1000.000    
  -4.768111       5.166717      -2.601579       1000.000    
  -4.471086      -7.623547       3.509303       1000.000    
  -6.719408      -4.403720       5.395705       1000.000    
  -8.542746     -0.9281380      -4.227811       1000.000    
   4.738845       7.341099       1.815560       1000.000    
   2.625755     -0.8962041      -7.421955       1000.000    
  -6.552684       5.396845       3.464923       1000.000    
  -5.024204       5.241659      -2.734576       1000.000    
  -6.698512      0.5626947      -1.346756       1000.000    
  0.3837951      -3.581457      -2.994552       1000.000    
  -4.492665      -3.721240      -5.172692       1000.000    
   3.599254       1.515279      -7.871822       1000.000    
   9.203098      -1.307551      -1.029079       1000.000    
   2.453825      -3.129850      -7.747096       1000.000    
   4.159140       4.791725       6.330695       1000.000    
  0.2294797       4.795687     -0.6255499       1000.000    
  -3.607483       1.784128       1.563999       1000.000    
   9.052492       3.933506      -1.080043       1000.000    
  -1.302352       5.006924      -5.629937       1000.000    
  -8.457078       4.683986      0.5867226       1000.000    
   6.034230       5.243799      -2.953050       1000.000    
  0.9190282       9.823423     -0.5288077       1000.000    
   4.511380       5.980615      -5.726087       1000.000    
  -3.230356       6.234435       3.573050       1000.000    
  -1.250733     -0.6273660      -5.841834       1000.000    
   4.159022      0.8177303      -7.977179       1000.000    
   1.037720      -1.564170      -8.745559       1000.000    
 -0.1464473      -4.719015       4.403565       1000.000    
  -5.627519       5.269166     -0.3204118       1000.000    
   5.051136      -1.007515       3.208471       1000.000    
  -4.138988      0.1113714      0.9889459       1000.000    
   5.554893     -0.5738620      -6.551671       1000.000    
  -4.296363      -3.674119      0.9426388       1000.000    
   5.650087       4.475365       6.382964       1000.000    
  -6.411932       6.374960      2.7013689E-02   1000.000    
  -4.726399      -7.678393      -1.321550       1000.000    
   2.817925       3.293186       5.099513       1000.000    
  0.5957842     -5.4197732E-02   9.762918       1000.000    
  -6.456406      0.1609294      -7.535358       1000.000    
  -2.997229      -5.244606      -1.398666       1000.000    
 -0.5036883       3.031150       7.402151       1000.000    
   2.945903       6.738201       1.470728       1000.000    
  -6.892316     -0.6550415      -7.017403       1000.000    
   2.617853       2.050810       2.637890       1000.000    
 -0.1655241       3.019354      -9.301535       1000.000    
  -3.978573      -7.283199       2.683105       1000.000    
  0.8601397       4.729909      -8.101745       1000.000    
  -1.717566       4.383711      -7.126874       1000.000    
   6.301758       1.900229      -5.542487       1000.000    
   3.660802     -0.6661187      -4.324587       1000.000    
  -3.724379      -2.575539      -6.835823       1000.000    
   1.943764       4.039713      -5.277436       1000.000    
  0.3473121       2.759068       1.031411       1000.000    
  -6.032106       4.951819       3.865675       1000.000    
   4.987281      -3.957034       3.582268       1000.000    
   3.457850      -1.149208       2.030106       1000.000    
   6.915914      -2.381398      -4.898232       1000.000    
  -4.238137       7.980835       1.037814       1000.000    
  -4.294910       8.550598      -2.157285       1000.000    
   3.229359       3.751381       2.746281       1000.000    
  -2.663625       2.634385      -2.193134       1000.000    
  0.5400504      -6.620067       1.707374       1000.000    
  -2.859807      -5.441290       4.138808       1000.000    
   1.343494      -5.101886       4.663893       1000.000    
   2.555163       4.486704       3.547158       1000.000    
 -0.7280887      -5.470496      -8.231589       1000.000    
   6.377544       6.594314       3.273230       1000.000    
   1.992994     -0.7419037       1.367843       1000.000    
  -8.985276     -0.1248788      -3.331387       1000.000    
   5.138014       4.388623      -3.276339       1000.000    
  0.9732880       6.990151      0.7409934       1000.000    
  -3.818099       1.210545      -4.677480       1000.000    
   6.472680      -3.858971      -1.339415       1000.000    
   1.890744     -0.4084240       5.823792       1000.000    
   6.223217      0.1791024      -1.395469       1000.000    
  -1.121912      -4.595414       5.200529       1000.000    
   2.043991      -2.130648      -4.675579       1000.000    
  -3.470597      -3.651113       6.008088       1000.000    
  -4.586080      -2.859854       7.480066       1000.000    
  -4.847383       4.002338       2.996228       1000.000    
  -6.567382     -7.5941451E-02   2.137714       1000.000    
  0.1047028       9.062695      -4.183794       1000.000    
  -4.230767      -1.378710       3.483199       1000.000    
  -7.345127       3.907405      -3.271487       1000.000    
  -3.476100       3.678214      -8.340137       1000.000    
   5.583125       6.240156      -1.421239       1000.000    
  -3.225479       2.271445      -3.806239       1000.000    
  -4.890413      0.4163612       8.525375       1000.000    
  0.1232332      0.8901607      0.9335957       1000.000    
  -1.081803       3.562793       3.436321       1000.000    
   3.699293      -3.358815       6.612690       1000.000    
  -3.600095       1.735813       4.445350       1000.000    
  -2.084081      -6.468597      0.7174582       1000.000    
 -0.2274050       7.637835     -0.3233157       1000.000    
   6.155702      -3.181989      -6.343458       1000.000    
   7.233300       5.646441       2.138832       1000.000    
   1.445661      -3.252190       3.928516       1000.000    
  -3.623996      -3.380537       3.830240       1000.000    
  -6.744475      -2.522370       3.223105       1000.000    
   3.008586      -7.618552      -1.406389       1000.000    
  -2.265714      0.5409811      -4.152626       1000.000    
   2.234520      -5.370718       5.444999       1000.000    
  -2.024082      -5.911545       1.894585       1000.000    
   4.725399      -5.718516      -3.919399       1000.000    
  -1.384281       3.964815      -6.379874       1000.000    
   3.149084     -0.6054286       5.095649       1000.000    
  -7.151288     -0.2398783      -4.187585       1000.000    
  -4.679026      -7.234666      -1.032410       1000.000    
   6.123795       6.374505       2.722773       1000.000    
   3.443514      -4.470930       1.980278       1000.000    
 -7.6989919E-02   2.980395      0.1291788       1000.000    
  -5.961660       1.298979       4.363668       1000.000    
   2.852356      -7.801579      0.7356825       1000.000    
  0.8818816      -2.612897       4.272395       1000.000    
  -7.129518       2.452186       6.251723       1000.000    
  -2.533740       2.823055       8.839227       1000.000    
  -1.270729      -5.995229       5.942538       1000.000    
   8.304630     -0.7131061      -4.760090       1000.000    
   7.985501       2.127055       4.189937       1000.000    
   8.073649       3.466379      -4.383328       1000.000    
   1.941031      -1.640617      -3.086688       1000.000    
   5.545379       7.899806      0.7662985       1000.000    
   5.569181     -0.5468011       3.745545       1000.000    
 -0.6511744       5.834811      -5.418235       1000.000    
   6.231265     -0.5966755      -1.997274       1000.000    
  -3.292561      -1.651852       6.753857       1000.000    
   1.298478       4.914385       2.364192       1000.000    
  -7.824511       1.496698       1.100727       1000.000    
   6.980741       4.822464      -3.521117       1000.000    
   5.621426       6.709405      -3.469684       1000.000    
   4.001364       3.061449      -3.321253       1000.000    
   3.104232     -0.9712734       8.697275       1000.000    
   5.477643     -6.1463274E-02  0.2943596       1000.000    
   4.999234     -0.3349466      -3.188473       1000.000    
   3.123031       4.186778     -0.9763761       1000.000    
   5.890761       1.334149       5.917702       1000.000    
  0.1451343       4.767092       3.345612       1000.000    
   6.470786      -6.028506      -2.062051       1000.000    
  -3.279195      -3.673735       5.424026       1000.000    
  -3.443571      -4.686145       3.609002       1000.000    
   6.910280       1.233500      -3.103026       1000.000    
   6.376513      -7.548420      0.5736778       1000.000    
  -3.760831       2.246624      -5.720396       1000.000    
  -5.879531      -2.554257      -3.538978       1000.000    
   2.564373       4.782533      -8.331210       1000.000    
  0.8067973       6.022464       1.580938       1000.000    
 -0.2851918      -7.218605       2.475577       1000.000    
  -5.045699      -1.263453       7.057404       1000.000    
  -1.269993      -9.065096       1.433794       1000.000    
   8.195140      -3.104265       4.019734       1000.000    
   1.517028      -2.705240       3.049078       1000.000    
  -7.717321       4.485089      -1.523441       1000.000    
  -4.217051     -4.8242673E-02  -8.616854       1000.000    
  -3.595984      -2.535864       5.825981       1000.000    
  -3.964968     -0.8989011       8.345259       1000.000    
  -9.140655       2.476779     -0.7060095       1000.000    
   3.027922      -3.395595      -6.675314       1000.000    
  -3.575462      -1.442281       2.903514       1000.000    
  -2.984433       4.424516      -1.307846       1000.000    
   3.092299      -2.122649      -3.915042       1000.000    
  -4.843256       7.470706       2.941322       1000.000    
   1.352841      8.7150253E-02   7.742021       1000.000    
   4.795036       8.378465       1.608902       1000.000    
  0.1131666       1.399246       4.949732       1000.000    
   2.166229      -9.581570      -1.636118       1000.000    
  0.6849927      -9.229800     -0.6348054       1000.000    
  0.6453219       3.370260       4.092432       1000.000    
  -1.639273       3.353591       5.819194       1000.000    
   2.673582      -8.296752      9.2284419E-02   1000.000    
   3.326300       6.999652       2.302063       1000.000    
   2.541754      0.5668818       8.071134       1000.000    
  -8.758917       3.617720      -1.580450       1000.000    
   7.210724       5.998411       1.541457       1000.000    
   6.246961      -5.144584       3.308830       1000.000    
  -3.820959      0.6741453       1.656131       1000.000    
 -0.7947849      0.4870625      -8.244192       1000.000    
 -0.4614911     -0.9211944      -7.658397       1000.000    
  -3.024344      -5.210855      -3.324802       1000.000    
   1.669982       1.539445      -6.372020       1000.000    
  0.1297887      -1.932978      -1.363411       1000.000    
  0.6947472     -0.7535232      -9.114601       1000.000    
   1.437123      -5.210880       4.768051       1000.000    
  0.3938523       4.585614      -5.607370       1000.000    
  -3.238385      0.9744998      -1.762012       1000.000    
 -0.1759947       3.221048      -4.003916       1000.000    
  -4.376487     -0.8167291       3.454821       1000.000    
   4.570619      -1.394103      -3.227486       1000.000    
   2.132708      -7.291677     -0.3148360       1000.000    
   4.442358       4.704099       3.772066       1000.000    
  -6.176651      -7.267414       2.506598       1000.000    
   6.375161       6.632702       3.648030       1000.000    
  -3.799877       7.948851       1.239688       1000.000    
   7.289929       6.372875       1.893555       1000.000    
   1.316371      -5.129595       6.440766       1000.000    
   1.009435       7.507642      2.0769861E-02   1000.000    
   1.653587       1.714696       1.666730       1000.000    
  -1.755874       4.622033       6.303172       1000.000    
  -5.848793      -2.416122      -6.882155       1000.000    
 -0.5227926      -1.443736       8.032138       1000.000    
  0.2076313       3.886564      -6.652576       1000.000    
  -6.471581      0.7405462       5.731421       1000.000    
  -1.470839       4.463949      -4.605647       1000.000    
   2.182160      -7.637928      0.5304300       1000.000    
 -0.6786157      -1.930620      -9.322991       1000.000    
   1.950501       2.798677       7.368706       1000.000    
  -7.366156       4.320903       3.192536       1000.000    
   2.016471      -8.715709      -1.119087       1000.000    
  -2.364553      -7.247840      -2.045756       1000.000    
   1.953357      -1.858789      -7.401944       1000.000    
   3.625433       1.745152     -8.5873537E-02   1000.000    
 -0.8196984       6.071077      0.8646203       1000.000    
  -3.735037      -1.650985     -0.1555638       1000.000    
  -2.662879      -5.149676       3.293248       1000.000    
  -3.421452      -1.705779      -3.751376       1000.000    
  -2.585940       6.501204       1.724547       1000.000    
  -3.285260     -0.6248208       2.053179       1000.000    
  -6.250383      -3.595631      -3.926215       1000.000    
   4.275541       1.502237       6.532815       1000.000    
  -7.542856       6.286074      -1.025967       1000.000    
 -0.7847525     -0.9163286      -9.512239       1000.000    
  -2.175138      -6.762422      -3.475682       1000.000    
   6.021271       1.633772       4.598711       1000.000    
   4.408539      -1.584479       8.458197       1000.000    
  2.3186980E-02  -1.292262      -1.142781       1000.000    
  -6.995573      0.9002908      0.2487397       1000.000    
   6.703275      -6.433107      0.8109642       1000.000    
  -8.639089     -0.6580951       2.728834       1000.000    
   4.710583      -7.255394      -2.524981       1000.000    
  -1.912260      -3.263536       2.189528       1000.000    
  0.6228482      -4.458287      -1.014713       1000.000    
  -1.022027      -7.494179      -5.776270       1000.000    
  -4.966414       4.352841     -0.7765000       1000.000    
   4.172242      -3.710876       7.410853       1000.000    
  -5.208927       6.973766      -2.134254       1000.000    
   7.536553      -2.086091       4.700655       1000.000    
   3.583356       4.672057       4.980474       1000.000    
  -4.370288      -3.925553       3.960692       1000.000    
  -5.994998       6.048790       4.157190       1000.000    
   1.414059      -7.821159       1.913823       1000.000    
   2.378849      -3.006663      0.9832003       1000.000    
  -3.582891       4.543100       1.206250       1000.000    
  0.5075678      -7.500697      9.1232687E-02   1000.000    
  -4.749547       6.523068      2.3750344E-02   1000.000    
  -1.909404       1.551431      -5.303729       1000.000    
   3.404481       2.468626       5.846481       1000.000    
   3.937155      -8.508034      -1.222564       1000.000    
  -4.462255      0.8113493      -3.440253       1000.000    
  -2.392653      0.1912741      -3.013639       1000.000    
   6.303964      -3.786819       6.073510       1000.000    
  -1.511137      -4.441356       6.227582       1000.000    
   4.145840      -8.065286     -0.6710411       1000.000    
   5.737838       1.740872       4.776511       1000.000    
  -7.043706      -4.042603      -3.198293       1000.000    
  -8.178967       4.438271       1.266174       1000.000    
  -4.785315       4.035676       5.425227       1000.000    
  -1.283858       1.727999      -9.221655       1000.000    
  -5.737533       2.485730       2.280709       1000.000    
  -8.593332      -2.712953     -0.3632462       1000.000    
   2.293050       3.852887      -2.583040       1000.000    
  -6.466893      -4.695711      -2.196446       1000.000    
  -3.165378       1.637190      -7.495573       1000.000    
  -1.049169      -7.806695      -1.661859       1000.000    
  -6.321688       5.577227       1.430136       1000.000    
   2.632319      -1.713415      0.2847220       1000.000    
  -1.570962       1.178847       4.845660       1000.000    
  0.4988338       4.801004      -8.119114       1000.000    
  -3.714253       3.522160      -1.156629       1000.000    
  -4.195660       4.741188      0.6204751       1000.000    
  -2.083452       2.217685       1.426071       1000.000    
  -6.415049       2.760575       1.890632       1000.000    
   1.709863       5.816060     -0.3860872       1000.000    
  -2.876611       3.195863      0.7608855       1000.000    
  -2.796510     -2.2710571E-02  -4.283666       1000.000    
  -6.691507       3.712101       4.550525       1000.000    
  -6.214700       7.105556      -1.862201       1000.000    
   8.187402       3.531190      -2.897749       1000.000    
  -6.564840      -6.623121     -0.8427311       1000.000    
 -0.7637529      -9.384299       2.244296       1000.000    
   2.855791      -2.007800       1.508560       1000.000    
  0.8497853       3.954159       3.815304       1000.000    
 -0.8682702      -8.013193       2.473998       1000.000    
  -4.640594       2.657986       3.016327       1000.000    
  -2.839153      -1.677776      -6.244664       1000.000    
  -5.745145       2.332745      -7.746137       1000.000    
   4.880572       7.454999       1.434220       1000.000    
  -5.387087     -0.3349431       3.541678       1000.000    
   1.383810       5.380254       5.716045       1000.000    
   4.443595       4.548359      0.1321946       1000.000    
   1.651847      -1.988576      -4.321304       1000.000    
  0.8333828       5.620277      -4.265143       1000.000    
  -7.202358       2.067464      -1.354542       1000.000    
   1.999350      -4.883946      -5.202649       1000.000    
  -2.397224       8.859344     -0.2810464       1000.000    
  -2.351463      -1.778959      -1.423278       1000.000    
   1.128851       7.505484      -3.099396       1000.000    
   7.285186       5.264264       2.912609       1000.000    
  -6.104420      0.9703425      -5.468701       1000.000    
   4.078364      -3.268661       3.429029       1000.000    
   1.109532     -0.2746207       9.883636       1000.000    
  -6.718273      -1.409505       5.465662       1000.000    
   6.447826       5.728152       1.614151       1000.000    
  0.7261881       3.827550       7.905034       1000.000    
   2.818977       1.466304       7.781884       1000.000    
   8.346331     -0.3755706      -3.526907       1000.000    
   4.139097       4.455315       4.474223       1000.000    
   1.139231       5.951562       5.860298       1000.000    
  -7.742540      -1.870455      -5.908888       1000.000    
  -5.220827       1.252497       2.035790       1000.000    
   5.223438       3.712480      -2.495310       1000.000    
   1.199597       4.974338      -4.112465       1000.000    
  0.9633604       6.907961      -5.043784       1000.000    
   7.876111       6.065679      0.6866205       1000.000    
  -3.943696      -3.159539       5.147800       1000.000    
   7.021059       6.340740       1.486937       1000.000    
   6.756324       5.099981       3.691397       1000.000    
   5.609443       1.429011       7.733465       1000.000    
   3.216054     -0.8624156       8.535026       1000.000    
  0.9845405      -3.610803      -3.047812       1000.000    
   1.004547      0.5678519      -7.538718       1000.000    
   2.351528      -4.296804      -8.508749       1000.000    
   8.809571      -1.224186      -2.852498       1000.000    
   4.493425       2.989031       3.575014       1000.000    
  -6.996638       1.455798     -0.1912069       1000.000    
  -3.737849       7.315258      0.7085544       1000.000    
  -5.520295     -0.3321443      -3.049078       1000.000    
  -1.378413       9.131701       2.880981       1000.000    
  -1.867514       3.372004      -1.805891       1000.000    
  -2.165914       4.327252       3.203018       1000.000    
   4.989419       7.054927       2.051565       1000.000    
   3.543891      -6.608551       1.831126       1000.000    
  0.1821573      -2.738213       5.208076       1000.000    
   8.794600       2.066882      -4.036817       1000.000    
   5.713726      0.3141469      -1.642418       1000.000    
   1.029204       6.826474       4.459710       1000.000    
  -7.056835      -6.151908      -2.482658       1000.000    
   3.662735       8.980343      -1.669388       1000.000    
  0.2062025       9.391781      0.9315236       1000.000    
   6.383973      -4.420139       6.286784       1000.000    
   7.957326      0.2891377      -3.671860       1000.000    
   1.115328       1.585871      -8.238631       1000.000    
   4.530576       4.651353     -8.6308300E-02   1000.000    
  -5.610223       4.882154       2.266385       1000.000    
   3.074313       2.599042      -6.144871       1000.000    
  -4.653252       8.032211       2.223449       1000.000    
  -2.005531       2.553525      -1.405098       1000.000    
   5.481797      -5.819574       1.404435       1000.000    
 -0.7508547      -5.574118      -7.708099       1000.000    
   3.568022      -5.651258      0.3293141       1000.000    
  -2.984280       4.784125      -6.370605       1000.000    
   2.739259     -0.5050109       3.950047       1000.000    
   2.154117       1.204654      -7.283886       1000.000    
  -4.429095       2.158507       4.184069       1000.000    
  0.5232123       2.459272      -1.637902       1000.000    
  -5.833277      -1.358816       3.537928       1000.000    
   3.509252      -2.716276      -7.990205       1000.000    
   2.690298      -5.935227      -6.139392       1000.000    
   8.085073      -4.719922       3.139083       1000.000    
   8.929696     -9.0037122E-02   3.498455       1000.000    
   8.497052       4.326057       1.439563       1000.000    
  -6.597735      -4.741840      -4.312843       1000.000    
  -1.197016       3.550305       4.850159       1000.000    
  -2.845288       5.514337       5.590365       1000.000    
