  0.0000000E+00  0.0000000E+00  0.0000000E+00  0.1995263E+06
  0.2582728E-08  0.0000000E+00  0.0000000E+00  0.1995263E+06
  0.2735765E-08  0.0000000E+00  0.0000000E+00  0.1995263E+06
  0.2897869E-08  0.0000000E+00  0.0000000E+00  0.1995263E+06
  0.3069576E-08  0.0000000E+00  0.0000000E+00  0.1995263E+06
  0.3251461E-08  0.0000000E+00  0.0000000E+00  0.1995263E+06
  0.3444123E-08  0.0000000E+00  0.0000000E+00  0.1995263E+06
  0.3648201E-08  0.0000000E+00  0.0000000E+00  0.1995263E+06
  0.3864371E-08  0.0000000E+00  0.0000000E+00  0.1995263E+06
  0.4093346E-08  0.0000000E+00  0.0000000E+00  0.1995263E+06
  0.4335893E-08  0.0000000E+00  0.0000000E+00  0.1995263E+06
  0.4592811E-08  0.0000000E+00  0.0000000E+00  0.1995263E+06
  0.4864954E-08  0.0000000E+00  0.0000000E+00  0.1995263E+06
  0.5153221E-08  0.0000000E+00  0.0000000E+00  0.1995263E+06
  0.5458564E-08  0.0000000E+00  0.0000000E+00  0.1995263E+06
  0.5782006E-08  0.0000000E+00  0.0000000E+00  0.1995263E+06
  0.6124613E-08  0.0000000E+00  0.0000000E+00  0.1995263E+06
  0.6487520E-08  0.0000000E+00  0.0000000E+00  0.1995263E+06
  0.6871931E-08  0.0000000E+00  0.0000000E+00  0.1995263E+06
  0.7279112E-08  0.0000000E+00  0.0000000E+00  0.1995263E+06
  0.7710429E-08  0.0000000E+00  0.0000000E+00  0.1995263E+06
  0.8167302E-08  0.0000000E+00  0.0000000E+00  0.1995263E+06
  0.8651247E-08  0.0000000E+00  0.0000000E+00  0.1995263E+06
  0.9163867E-08  0.0000000E+00  0.0000000E+00  0.1995263E+06
  0.9706852E-08  0.0000000E+00  0.0000000E+00  0.1995263E+06
  0.1028202E-07  0.0000000E+00  0.0000000E+00  0.1995263E+06
  0.1089127E-07  0.0000000E+00  0.0000000E+00  0.1995263E+06
  0.1153662E-07  0.0000000E+00  0.0000000E+00  0.1995263E+06
  0.1222021E-07  0.0000000E+00  0.0000000E+00  0.1995263E+06
  0.1294430E-07  0.0000000E+00  0.0000000E+00  0.1995263E+06
  0.1371130E-07  0.0000000E+00  0.0000000E+00  0.1995263E+06
  0.1452374E-07  0.0000000E+00  0.0000000E+00  0.1995263E+06
  0.1538434E-07  0.0000000E+00  0.0000000E+00  0.1995263E+06
  0.1629592E-07  0.0000000E+00  0.0000000E+00  0.1995263E+06
  0.1726150E-07  0.0000000E+00  0.0000000E+00  0.1995263E+06
  0.1828431E-07  0.0000000E+00  0.0000000E+00  0.1995263E+06
  0.1936773E-07  0.0000000E+00  0.0000000E+00  0.1995263E+06
  0.2051534E-07  0.0000000E+00  0.0000000E+00  0.1995263E+06
  0.2173095E-07  0.0000000E+00  0.0000000E+00  0.1995263E+06
  0.2301857E-07  0.0000000E+00  0.0000000E+00  0.1995263E+06
  0.2438252E-07  0.0000000E+00  0.0000000E+00  0.1995263E+06
  0.2582728E-07  0.0000000E+00  0.0000000E+00  0.1995263E+06
  0.2735765E-07  0.0000000E+00  0.0000000E+00  0.1995263E+06
  0.2897869E-07  0.0000000E+00  0.0000000E+00  0.1995263E+06
  0.3069576E-07  0.0000000E+00  0.0000000E+00  0.1995263E+06
  0.3251461E-07  0.0000000E+00  0.0000000E+00  0.1995263E+06
  0.3444123E-07  0.0000000E+00  0.0000000E+00  0.1995263E+06
  0.3648201E-07  0.0000000E+00  0.0000000E+00  0.1995263E+06
  0.3864371E-07  0.0000000E+00  0.0000000E+00  0.1995263E+06
  0.4093345E-07  0.0000000E+00  0.0000000E+00  0.1995263E+06
  0.4335893E-07  0.0000000E+00  0.0000000E+00  0.1995263E+06
  0.4592811E-07  0.0000000E+00  0.0000000E+00  0.1995263E+06
  0.4864954E-07  0.0000000E+00  0.0000000E+00  0.1995263E+06
  0.5153221E-07  0.0000000E+00  0.0000000E+00  0.1995263E+06
  0.5458564E-07  0.0000000E+00  0.0000000E+00  0.1995263E+06
  0.5782006E-07  0.0000000E+00  0.0000000E+00  0.1995263E+06
  0.6124613E-07  0.0000000E+00  0.0000000E+00  0.1995263E+06
  0.6487519E-07  0.0000000E+00  0.0000000E+00  0.1995263E+06
  0.6871931E-07  0.0000000E+00  0.0000000E+00  0.1995263E+06
  0.7279112E-07  0.0000000E+00  0.0000000E+00  0.1995263E+06
  0.7710429E-07  0.0000000E+00  0.0000000E+00  0.1995263E+06
  0.8167302E-07  0.0000000E+00  0.0000000E+00  0.1995263E+06
  0.8651247E-07  0.0000000E+00  0.0000000E+00  0.1995263E+06
  0.9163868E-07  0.0000000E+00  0.0000000E+00  0.1995263E+06
  0.9706852E-07  0.0000000E+00  0.0000000E+00  0.1995263E+06
  0.1028202E-06  0.0000000E+00  0.0000000E+00  0.1995263E+06
  0.1089127E-06  0.0000000E+00  0.0000000E+00  0.1995263E+06
  0.1153662E-06  0.0000000E+00  0.0000000E+00  0.1995263E+06
  0.1222021E-06  0.0000000E+00  0.0000000E+00  0.1995263E+06
  0.1294430E-06  0.0000000E+00  0.0000000E+00  0.1995263E+06
  0.1371130E-06  0.0000000E+00  0.0000000E+00  0.1995263E+06
  0.1452375E-06  0.0000000E+00  0.0000000E+00  0.1995263E+06
  0.1538433E-06  0.0000000E+00  0.0000000E+00  0.1995263E+06
  0.1629592E-06  0.0000000E+00  0.0000000E+00  0.1995263E+06
  0.1726150E-06  0.0000000E+00  0.0000000E+00  0.1995263E+06
  0.1828431E-06  0.0000000E+00  0.0000000E+00  0.1995263E+06
  0.1936773E-06  0.0000000E+00  0.0000000E+00  0.1995263E+06
  0.2051534E-06  0.0000000E+00  0.0000000E+00  0.1995263E+06
  0.2173095E-06  0.0000000E+00  0.0000000E+00  0.1995263E+06
  0.2301857E-06  0.0000000E+00  0.0000000E+00  0.1995263E+06
  0.2438252E-06  0.0000000E+00  0.0000000E+00  0.1995263E+06
  0.2582728E-06  0.0000000E+00  0.0000000E+00  0.1995263E+06
  0.2735765E-06  0.0000000E+00  0.0000000E+00  0.1995263E+06
  0.2897868E-06  0.0000000E+00  0.0000000E+00  0.1995263E+06
  0.3069578E-06  0.0000000E+00  0.0000000E+00  0.1995263E+06
  0.3251461E-06  0.0000000E+00  0.0000000E+00  0.1995263E+06
  0.3444123E-06  0.0000000E+00  0.0000000E+00  0.1995263E+06
  0.3648201E-06  0.0000000E+00  0.0000000E+00  0.1995263E+06
  0.3864369E-06  0.0000000E+00  0.0000000E+00  0.1995263E+06
  0.4093348E-06  0.0000000E+00  0.0000000E+00  0.1995263E+06
  0.4335893E-06  0.0000000E+00  0.0000000E+00  0.1995263E+06
  0.4592811E-06  0.0000000E+00  0.0000000E+00  0.1995263E+06
  0.4864954E-06  0.0000000E+00  0.0000000E+00  0.1995263E+06
  0.5153219E-06  0.0000000E+00  0.0000000E+00  0.1995263E+06
  0.5458567E-06  0.0000000E+00  0.0000000E+00  0.1995263E+06
  0.5782006E-06  0.0000000E+00  0.0000000E+00  0.1995263E+06
  0.6124612E-06  0.0000000E+00  0.0000000E+00  0.1995263E+06
  0.6487520E-06  0.0000000E+00  0.0000000E+00  0.1995263E+06
  0.6871928E-06  0.0000000E+00  0.0000000E+00  0.1995263E+06
  0.7279116E-06  0.0000000E+00  0.0000000E+00  0.1995263E+06
  0.7710428E-06  0.0000000E+00  0.0000000E+00  0.1995263E+06
  0.8167302E-06  0.0000000E+00  0.0000000E+00  0.1995263E+06
  0.8651247E-06  0.0000000E+00  0.0000000E+00  0.1995263E+06
  0.9163862E-06  0.0000000E+00  0.0000000E+00  0.1995263E+06
  0.9706857E-06  0.0000000E+00  0.0000000E+00  0.1995263E+06
  0.1028202E-05  0.0000000E+00  0.0000000E+00  0.1995263E+06
  0.1089127E-05  0.0000000E+00  0.0000000E+00  0.1995263E+06
  0.1153662E-05  0.0000000E+00  0.0000000E+00  0.1995263E+06
  0.1222021E-05  0.0000000E+00  0.0000000E+00  0.1995263E+06
  0.1294430E-05  0.0000000E+00  0.0000000E+00  0.1995263E+06
  0.1371130E-05  0.0000000E+00  0.0000000E+00  0.1995263E+06
  0.1452374E-05  0.0000000E+00  0.0000000E+00  0.1995263E+06
  0.1538433E-05  0.0000000E+00  0.0000000E+00  0.1995263E+06
  0.1629591E-05  0.0000000E+00  0.0000000E+00  0.1995263E+06
  0.1726150E-05  0.0000000E+00  0.0000000E+00  0.1995263E+06
  0.1828431E-05  0.0000000E+00  0.0000000E+00  0.1995263E+06
  0.1936772E-05  0.0000000E+00  0.0000000E+00  0.1995263E+06
  0.2051534E-05  0.0000000E+00  0.0000000E+00  0.1995263E+06
  0.2173094E-05  0.0000000E+00  0.0000000E+00  0.1995263E+06
  0.2301859E-05  0.0000000E+00  0.0000000E+00  0.1995263E+06
  0.2438252E-05  0.0000000E+00  0.0000000E+00  0.1995263E+06
  0.2582728E-05  0.0000000E+00  0.0000000E+00  0.1995263E+06
  0.2735765E-05  0.0000000E+00  0.0000000E+00  0.1995263E+06
  0.2897868E-05  0.0000000E+00  0.0000000E+00  0.1995263E+06
  0.3069578E-05  0.0000000E+00  0.0000000E+00  0.1995263E+06
  0.3251461E-05  0.0000000E+00  0.0000000E+00  0.1995263E+06
  0.3444123E-05  0.0000000E+00  0.0000000E+00  0.1995263E+06
  0.3648201E-05  0.0000000E+00  0.0000000E+00  0.1995263E+06
  0.3864369E-05  0.0000000E+00  0.0000000E+00  0.1995263E+06
  0.4093348E-05  0.0000000E+00  0.0000000E+00  0.1995263E+06
  0.4335893E-05  0.0000000E+00  0.0000000E+00  0.1995263E+06
  0.4592811E-05  0.0000000E+00  0.0000000E+00  0.1995263E+06
  0.4864954E-05  0.0000000E+00  0.0000000E+00  0.1995263E+06
  0.5153218E-05  0.0000000E+00  0.0000000E+00  0.1995263E+06
  0.5458567E-05  0.0000000E+00  0.0000000E+00  0.1995263E+06
  0.5782006E-05  0.0000000E+00  0.0000000E+00  0.1995263E+06
  0.6124612E-05  0.0000000E+00  0.0000000E+00  0.1995263E+06
  0.6487519E-05  0.0000000E+00  0.0000000E+00  0.1995263E+06
  0.6871927E-05  0.0000000E+00  0.0000000E+00  0.1995263E+06
  0.7279117E-05  0.0000000E+00  0.0000000E+00  0.1995263E+06
  0.7710429E-05  0.0000000E+00  0.0000000E+00  0.1995263E+06
  0.8167302E-05  0.0000000E+00  0.0000000E+00  0.1995263E+06
  0.8651246E-05  0.0000000E+00  0.0000000E+00  0.1995263E+06
  0.9163863E-05  0.0000000E+00  0.0000000E+00  0.1995263E+06
  0.9706858E-05  0.0000000E+00  0.0000000E+00  0.1995263E+06
  0.1028202E-04  0.0000000E+00  0.0000000E+00  0.1995263E+06
  0.1089127E-04  0.0000000E+00  0.0000000E+00  0.1995263E+06
  0.1153662E-04  0.0000000E+00  0.0000000E+00  0.1995263E+06
  0.1222021E-04  0.0000000E+00  0.0000000E+00  0.1995263E+06
  0.1294430E-04  0.0000000E+00  0.0000000E+00  0.1995263E+06
  0.1371130E-04  0.0000000E+00  0.0000000E+00  0.1995263E+06
  0.1452374E-04  0.0000000E+00  0.0000000E+00  0.1995263E+06
  0.1538434E-04  0.0000000E+00  0.0000000E+00  0.1995263E+06
  0.1629591E-04  0.0000000E+00  0.0000000E+00  0.1995263E+06
  0.1726151E-04  0.0000000E+00  0.0000000E+00  0.1995263E+06
  0.1828431E-04  0.0000000E+00  0.0000000E+00  0.1995263E+06
  0.1936773E-04  0.0000000E+00  0.0000000E+00  0.1995263E+06
  0.2051534E-04  0.0000000E+00  0.0000000E+00  0.1995263E+06
  0.2173094E-04  0.0000000E+00  0.0000000E+00  0.1995263E+06
  0.2301859E-04  0.0000000E+00  0.0000000E+00  0.1995263E+06
  0.2438252E-04  0.0000000E+00  0.0000000E+00  0.1995263E+06
  0.2582728E-04  0.0000000E+00  0.0000000E+00  0.1995263E+06
  0.2735764E-04  0.0000000E+00  0.0000000E+00  0.1995263E+06
  0.2897869E-04  0.0000000E+00  0.0000000E+00  0.1995263E+06
  0.3069576E-04  0.0000000E+00  0.0000000E+00  0.1995263E+06
  0.3251461E-04  0.0000000E+00  0.0000000E+00  0.1995263E+06
  0.3444123E-04  0.0000000E+00  0.0000000E+00  0.1995263E+06
  0.3648201E-04  0.0000000E+00  0.0000000E+00  0.1995263E+06
  0.3864371E-04  0.0000000E+00  0.0000000E+00  0.1995263E+06
  0.4093346E-04  0.0000000E+00  0.0000000E+00  0.1995263E+06
  0.4335892E-04  0.0000000E+00  0.0000000E+00  0.1995263E+06
  0.4592812E-04  0.0000000E+00  0.0000000E+00  0.1995263E+06
  0.4864954E-04  0.0000000E+00  0.0000000E+00  0.1995263E+06
  0.5153222E-04  0.0000000E+00  0.0000000E+00  0.1995263E+06
  0.5458564E-04  0.0000000E+00  0.0000000E+00  0.1995263E+06
  0.5782006E-04  0.0000000E+00  0.0000000E+00  0.1995263E+06
  0.6124612E-04  0.0000000E+00  0.0000000E+00  0.1995263E+06
  0.6487520E-04  0.0000000E+00  0.0000000E+00  0.1995263E+06
  0.6871932E-04  0.0000000E+00  0.0000000E+00  0.1995263E+06
  0.7279113E-04  0.0000000E+00  0.0000000E+00  0.1995263E+06
  0.7710428E-04  0.0000000E+00  0.0000000E+00  0.1995263E+06
  0.8167302E-04  0.0000000E+00  0.0000000E+00  0.1995263E+06
  0.8651247E-04  0.0000000E+00  0.0000000E+00  0.1995263E+06
  0.9163869E-04  0.0000000E+00  0.0000000E+00  0.1995263E+06
  0.9706853E-04  0.0000000E+00  0.0000000E+00  0.1995263E+06
  0.1028202E-03  0.0000000E+00  0.0000000E+00  0.1995263E+06
  0.1089127E-03  0.0000000E+00  0.0000000E+00  0.1995263E+06
  0.1153662E-03  0.0000000E+00  0.0000000E+00  0.1995263E+06
  0.1222021E-03  0.0000000E+00  0.0000000E+00  0.1995263E+06
  0.1294430E-03  0.0000000E+00  0.0000000E+00  0.1995263E+06
  0.1371130E-03  0.0000000E+00  0.0000000E+00  0.1995263E+06
  0.1452375E-03  0.0000000E+00  0.0000000E+00  0.1995263E+06
  0.1538433E-03  0.0000000E+00  0.0000000E+00  0.1995263E+06
  0.1629592E-03  0.0000000E+00  0.0000000E+00  0.1995263E+06
  0.1726149E-03  0.0000000E+00  0.0000000E+00  0.1995263E+06
  0.1828431E-03  0.0000000E+00  0.0000000E+00  0.1995263E+06
  0.1936772E-03  0.0000000E+00  0.0000000E+00  0.1995263E+06
  0.2051534E-03  0.0000000E+00  0.0000000E+00  0.1995263E+06
  0.2173095E-03  0.0000000E+00  0.0000000E+00  0.1995263E+06
  0.2301857E-03  0.0000000E+00  0.0000000E+00  0.1995263E+06
  0.2438251E-03  0.0000000E+00  0.0000000E+00  0.1995263E+06
  0.2582728E-03  0.0000000E+00  0.0000000E+00  0.1995263E+06
  0.2735764E-03  0.0000000E+00  0.0000000E+00  0.1995263E+06
  0.2897869E-03  0.0000000E+00  0.0000000E+00  0.1995263E+06
  0.3069576E-03  0.0000000E+00  0.0000000E+00  0.1995263E+06
  0.3251461E-03  0.0000000E+00  0.0000000E+00  0.1995263E+06
  0.3444123E-03  0.0000000E+00  0.0000000E+00  0.1995263E+06
  0.3648200E-03  0.0000000E+00  0.0000000E+00  0.1995263E+06
  0.3864371E-03  0.0000000E+00  0.0000000E+00  0.1995263E+06
  0.4093345E-03  0.0000000E+00  0.0000000E+00  0.1995263E+06
  0.4335893E-03  0.0000000E+00  0.0000000E+00  0.1995263E+06
  0.4592811E-03  0.0000000E+00  0.0000000E+00  0.1995263E+06
  0.4864954E-03  0.0000000E+00  0.0000000E+00  0.1995263E+06
  0.5153221E-03  0.0000000E+00  0.0000000E+00  0.1995263E+06
  0.5458565E-03  0.0000000E+00  0.0000000E+00  0.1995263E+06
  0.5782006E-03  0.0000000E+00  0.0000000E+00  0.1995263E+06
  0.6124612E-03  0.0000000E+00  0.0000000E+00  0.1995263E+06
  0.6487520E-03  0.0000000E+00  0.0000000E+00  0.1995263E+06
  0.6871931E-03  0.0000000E+00  0.0000000E+00  0.1995263E+06
  0.7279113E-03  0.0000000E+00  0.0000000E+00  0.1995263E+06
  0.7710428E-03  0.0000000E+00  0.0000000E+00  0.1995263E+06
  0.8167302E-03  0.0000000E+00  0.0000000E+00  0.1995263E+06
  0.8651248E-03  0.0000000E+00  0.0000000E+00  0.1995263E+06
  0.9163868E-03  0.0000000E+00  0.0000000E+00  0.1995263E+06
  0.9706852E-03  0.0000000E+00  0.0000000E+00  0.1995263E+06
  0.1028202E-02  0.0000000E+00  0.0000000E+00  0.1995263E+06
  0.1089127E-02  0.0000000E+00  0.0000000E+00  0.1995263E+06
  0.1153662E-02  0.0000000E+00  0.0000000E+00  0.1995263E+06
  0.1222021E-02  0.0000000E+00  0.0000000E+00  0.1995263E+06
  0.1294430E-02  0.0000000E+00  0.0000000E+00  0.1995263E+06
  0.1371130E-02  0.0000000E+00  0.0000000E+00  0.1995263E+06
  0.1452375E-02  0.0000000E+00  0.0000000E+00  0.1995263E+06
  0.1538433E-02  0.0000000E+00  0.0000000E+00  0.1995263E+06
  0.1629592E-02  0.0000000E+00  0.0000000E+00  0.1995263E+06
  0.1726149E-02  0.0000000E+00  0.0000000E+00  0.1995263E+06
  0.1828431E-02  0.0000000E+00  0.0000000E+00  0.1995263E+06
  0.1936773E-02  0.0000000E+00  0.0000000E+00  0.1995263E+06
  0.2051534E-02  0.0000000E+00  0.0000000E+00  0.1995263E+06
  0.2173095E-02  0.0000000E+00  0.0000000E+00  0.1995263E+06
  0.2301857E-02  0.0000000E+00  0.0000000E+00  0.1995263E+06
  0.2438252E-02  0.0000000E+00  0.0000000E+00  0.1995263E+06
  0.2582728E-02  0.0000000E+00  0.0000000E+00  0.1995263E+06
  0.2735764E-02  0.0000000E+00  0.0000000E+00  0.1995263E+06
  0.2897869E-02  0.0000000E+00  0.0000000E+00  0.1995263E+06
  0.3069576E-02  0.0000000E+00  0.0000000E+00  0.1995263E+06
  0.3251461E-02  0.0000000E+00  0.0000000E+00  0.1995263E+06
  0.3444123E-02  0.0000000E+00  0.0000000E+00  0.1995263E+06
  0.3648201E-02  0.0000000E+00  0.0000000E+00  0.1995263E+06
  0.3864371E-02  0.0000000E+00  0.0000000E+00  0.1995263E+06
  0.4093346E-02  0.0000000E+00  0.0000000E+00  0.1995263E+06
  0.4335893E-02  0.0000000E+00  0.0000000E+00  0.1995263E+06
  0.4592811E-02  0.0000000E+00  0.0000000E+00  0.1995263E+06
  0.4864953E-02  0.0000000E+00  0.0000000E+00  0.1995263E+06
  0.5153222E-02  0.0000000E+00  0.0000000E+00  0.1995263E+06
  0.5458564E-02  0.0000000E+00  0.0000000E+00  0.1995263E+06
  0.5782005E-02  0.0000000E+00  0.0000000E+00  0.1995263E+06
  0.6124612E-02  0.0000000E+00  0.0000000E+00  0.1995263E+06
  0.6487520E-02  0.0000000E+00  0.0000000E+00  0.1995263E+06
  0.6871932E-02  0.0000000E+00  0.0000000E+00  0.1995263E+06
  0.7279112E-02  0.0000000E+00  0.0000000E+00  0.1995263E+06
  0.7710429E-02  0.0000000E+00  0.0000000E+00  0.1995263E+06
  0.8167302E-02  0.0000000E+00  0.0000000E+00  0.1995263E+06
  0.8651246E-02  0.0000000E+00  0.0000000E+00  0.1995263E+06
  0.9163869E-02  0.0000000E+00  0.0000000E+00  0.1995263E+06
  0.9706852E-02  0.0000000E+00  0.0000000E+00  0.1995263E+06
  0.1028202E-01  0.0000000E+00  0.0000000E+00  0.1995263E+06
  0.1089127E-01  0.0000000E+00  0.0000000E+00  0.1995263E+06
  0.1153662E-01  0.0000000E+00  0.0000000E+00  0.1995263E+06
  0.1222021E-01  0.0000000E+00  0.0000000E+00  0.1995263E+06
  0.1294429E-01  0.0000000E+00  0.0000000E+00  0.1995263E+06
  0.1371130E-01  0.0000000E+00  0.0000000E+00  0.1995263E+06
  0.1452374E-01  0.0000000E+00  0.0000000E+00  0.1995263E+06
  0.1538434E-01  0.0000000E+00  0.0000000E+00  0.1995263E+06
  0.1629592E-01  0.0000000E+00  0.0000000E+00  0.1995263E+06
  0.1726150E-01  0.0000000E+00  0.0000000E+00  0.1995263E+06
  0.1828431E-01  0.0000000E+00  0.0000000E+00  0.1995263E+06
  0.1936772E-01  0.0000000E+00  0.0000000E+00  0.1995263E+06
  0.2051534E-01  0.0000000E+00  0.0000000E+00  0.1995263E+06
  0.2173095E-01  0.0000000E+00  0.0000000E+00  0.1995263E+06
  0.2301857E-01  0.0000000E+00  0.0000000E+00  0.1995263E+06
  0.2438252E-01  0.0000000E+00  0.0000000E+00  0.1995263E+06
  0.2582728E-01  0.0000000E+00  0.0000000E+00  0.1995263E+06
  0.2735765E-01  0.0000000E+00  0.0000000E+00  0.1995263E+06
  0.2897869E-01  0.0000000E+00  0.0000000E+00  0.1995263E+06
  0.3069576E-01  0.0000000E+00  0.0000000E+00  0.1995263E+06
  0.3251461E-01  0.0000000E+00  0.0000000E+00  0.1995263E+06
  0.3444123E-01  0.0000000E+00  0.0000000E+00  0.1995263E+06
  0.3648201E-01  0.0000000E+00  0.0000000E+00  0.1995263E+06
  0.3864371E-01  0.0000000E+00  0.0000000E+00  0.1995263E+06
  0.4093346E-01  0.0000000E+00  0.0000000E+00  0.1995263E+06
  0.4335892E-01  0.0000000E+00  0.0000000E+00  0.1995263E+06
  0.4592811E-01  0.0000000E+00  0.0000000E+00  0.1995263E+06
  0.4864953E-01  0.0000000E+00  0.0000000E+00  0.1995263E+06
  0.5153221E-01  0.0000000E+00  0.0000000E+00  0.1995263E+06
