  -7.05800009       0.00000000               0   28.6299992       9.32299995       0.00000000       0.00000000    
  -6.93300009       0.00000000               0   28.8999996       9.35099983       0.00000000       0.00000000    
  -6.80800009       0.00000000               0   29.1900005       9.37899971       0.00000000       0.00000000    
  -6.68300009       0.00000000               0   29.4899998       9.40600014       0.00000000       0.00000000    
  -6.55800009       0.00000000               0   29.8099995       9.43200016       0.00000000       0.00000000    
  -6.43300009       0.00000000               0   30.1499996       9.45800018       0.00000000       0.00000000    
  -6.30800009       0.00000000               0   30.4400005       9.48499966       0.00000000       0.00000000    
  -6.18300009       0.00000000               0   30.6800003       9.51299953       0.00000000       0.00000000    
  -6.05800009       0.00000000               0   30.8700008       9.54199982       0.00000000       0.00000000    
  -5.93300009       0.00000000               0   31.0100002       9.57100010       0.00000000       0.00000000    
  -5.80800009       0.00000000               0   31.1299992       9.60099983       0.00000000       0.00000000    
  -5.68300009       0.00000000               0   31.2099991       9.63099957       0.00000000       0.00000000    
  -5.55800009       0.00000000               0   31.2700005       9.66199970       0.00000000       0.00000000    
  -5.43300009       0.00000000               0   31.2999992       9.69400024       0.00000000       0.00000000    
  -5.30800009       0.00000000               0   31.3400002       9.72399998       0.00000000       0.00000000    
  -5.18200016       0.00000000               0   31.3799992       9.75399971       0.00000000       0.00000000    
  -5.05700016       0.00000000               0   31.4300003       9.78299999       0.00000000       0.00000000    
  -4.93200016       0.00000000               0   31.4799995       9.81099987       0.00000000       0.00000000    
  -4.80700016       0.00000000               0   31.5799999       9.84000015       0.00000000       0.00000000    
  -4.68200016       0.00000000               0   31.7099991       9.86900043       0.00000000       0.00000000    
  -4.55700016       0.00000000               0   31.8899994       9.89900017       0.00000000       0.00000000    
  -4.43200016       0.00000000               0   32.1100006       9.92899990       0.00000000       0.00000000    
  -4.30700016       0.00000000               0   32.4000015       9.95800018       0.00000000       0.00000000    
  -4.18200016       0.00000000               0   32.7500000       9.98600006       0.00000000       0.00000000    
  -4.05700016       0.00000000               0   33.1699982       10.0100002       0.00000000       0.00000000    
  -3.93199992       0.00000000               0   33.6500015       10.0400000       0.00000000       0.00000000    
  -3.80699992       0.00000000               0   34.2099991       10.0600004       0.00000000       0.00000000    
  -3.68199992       0.00000000               0   34.8499985       10.0799999       0.00000000       0.00000000    
  -3.55699992       0.00000000               0   35.5699997       10.1000004       0.00000000       0.00000000    
  -3.43199992       0.00000000               0   36.3600006       10.1099997       0.00000000       0.00000000    
  -3.30699992       0.00000000               0   37.2000008       10.1199999       0.00000000       0.00000000    
  -3.18199992       0.00000000               0   38.0800018       10.1300001       0.00000000       0.00000000    
  -3.05699992       0.00000000               0   39.0200005       10.1400003       0.00000000       0.00000000    
  -2.93199992       0.00000000               0   40.0000000       10.1499996       0.00000000       0.00000000    
  -2.80699992       0.00000000               0   40.8899994       10.1599998       0.00000000       0.00000000    
  -2.68199992       0.00000000               0   41.7000008       10.1800003       0.00000000       0.00000000    
  -2.55699992       0.00000000               0   42.4300003       10.2100000       0.00000000       0.00000000    
  -2.43199992       0.00000000               0   43.0699997       10.2500000       0.00000000       0.00000000    
  -2.30699992       0.00000000               0   43.6300011       10.2900000       0.00000000       0.00000000    
  -2.18199992       0.00000000               0   44.1300011       10.3400002       0.00000000       0.00000000    
  -2.05699992       0.00000000               0   44.5499992       10.3900003       0.00000000       0.00000000    
  -1.93200004       0.00000000               0   44.8899994       10.4499998       0.00000000       0.00000000    
  -1.80700004       0.00000000               0   45.3600006       10.5100002       0.00000000       0.00000000    
  -1.68200004       0.00000000               0   45.9500008       10.5600004       0.00000000       0.00000000    
  -1.55700004       0.00000000               0   46.6699982       10.6099997       0.00000000       0.00000000    
  -1.43200004       0.00000000               0   47.5200005       10.6599998       0.00000000       0.00000000    
  -1.30700004       0.00000000               0   48.5999985       10.6899996       0.00000000       0.00000000    
  -1.18200004       0.00000000               0   49.9000015       10.7200003       0.00000000       0.00000000    
  -1.05700004       0.00000000               0   51.4300003       10.7299995       0.00000000       0.00000000    
 -0.932200015       0.00000000               0   53.1899986       10.7299995       0.00000000       0.00000000    
 -0.807200015       0.00000000               0   55.3800011       10.7200003       0.00000000       0.00000000    
 -0.682200015       0.00000000               0   58.0000000       10.6999998       0.00000000       0.00000000    
 -0.557200015       0.00000000               0   61.0499992       10.6700001       0.00000000       0.00000000    
 -0.432200015       0.00000000               0   64.5299988       10.6300001       0.00000000       0.00000000    
 -0.307099998       0.00000000               0   67.5299988       10.5900002       0.00000000       0.00000000    
 -0.182099998       0.00000000               0   70.0400009       10.5600004       0.00000000       0.00000000    
  -5.71100004E-02   0.00000000               0   71.3399963       10.5400000       0.00000000       0.00000000    
   6.79000020E-02   0.00000000               0   64.5800018       10.6800003       0.00000000       0.00000000    
  0.192900002       0.00000000               0   65.0500031       10.6800003       0.00000000       0.00000000    
  0.317900002       0.00000000               0   71.4300003       10.5799999       0.00000000       0.00000000    
  0.442900002       0.00000000               0   71.9499969       10.5799999       0.00000000       0.00000000    
  0.567900002       0.00000000               0   78.3099976       10.4399996       0.00000000       0.00000000    
  0.693000019       0.00000000               0   78.8099976       10.4399996       0.00000000       0.00000000    
  0.818000019       0.00000000               0   85.3700027       10.3400002       0.00000000       0.00000000    
  0.943000019       0.00000000               0   85.9000015       10.3400002       0.00000000       0.00000000    
   1.06799996       0.00000000               0   93.7099991       10.1999998       0.00000000       0.00000000    
   1.19299996       0.00000000               0   94.3099976       10.1999998       0.00000000       0.00000000    
   1.31799996       0.00000000               0   105.599998       10.0100002       0.00000000       0.00000000    
   1.44299996       0.00000000               0   106.400002       10.0000000       0.00000000       0.00000000    
   1.56799996       0.00000000               0   124.400002       9.69499969       0.00000000       0.00000000    
   1.69299996       0.00000000               0   125.699997       9.67099953       0.00000000       0.00000000    
   1.81799996       0.00000000               0   154.500000       9.19799995       0.00000000       0.00000000    
   1.94299996       0.00000000               0   158.600006       9.12300014       0.00000000       0.00000000    
   2.06800008       0.00000000               0   200.300003       8.26299953       0.00000000       0.00000000    
   2.19300008       0.00000000               0   207.399994       8.15499973       0.00000000       0.00000000    
   2.31800008       0.00000000               0   244.500000       7.29400015       0.00000000       0.00000000    
   2.44300008       0.00000000               0   246.899994       7.15500021       0.00000000       0.00000000    
   2.56800008       0.00000000               0   229.500000       7.48899984       0.00000000       0.00000000    
   2.69300008       0.00000000               0   227.899994       7.52299976       0.00000000       0.00000000    
   2.81800008       0.00000000               0   218.100006       7.35099983       0.00000000       0.00000000    
   2.94300008       0.00000000               0   211.699997       7.58699989       0.00000000       0.00000000    
   3.06800008       0.00000000               0   209.100006       7.81199980       0.00000000       0.00000000    
   3.19300008       0.00000000               0   210.699997       7.91499996       0.00000000       0.00000000    
   3.31800008       0.00000000               0   216.500000       7.89599991       0.00000000       0.00000000    
   3.44300008       0.00000000               0   225.199997       7.80399990       0.00000000       0.00000000    
   3.56800008       0.00000000               0   251.899994       8.06499958       0.00000000       0.00000000    
   3.69300008       0.00000000               0   252.100006       8.06200027       0.00000000       0.00000000    
   3.81800008       0.00000000               0   264.600006       7.23099995       0.00000000       0.00000000    
   3.94300008       0.00000000               0   262.700012       7.23099995       0.00000000       0.00000000    
   4.06799984       0.00000000               0   259.000000       6.90700006       0.00000000       0.00000000    
   4.19299984       0.00000000               0   252.699997       6.92500019       0.00000000       0.00000000    
   4.31799984       0.00000000               0   247.699997       6.67999983       0.00000000       0.00000000    
   4.44299984       0.00000000               0   241.899994       6.72599983       0.00000000       0.00000000    
   4.56799984       0.00000000               0   239.199997       6.62400007       0.00000000       0.00000000    
   4.69299984       0.00000000               0   236.600006       6.65999985       0.00000000       0.00000000    
   4.81799984       0.00000000               0   233.199997       6.65299988       0.00000000       0.00000000    
   4.94299984       0.00000000               0   231.199997       6.71899986       0.00000000       0.00000000    
   5.06799984       0.00000000               0   228.199997       6.80800009       0.00000000       0.00000000    
   5.19299984       0.00000000               0   230.399994       6.76700020       0.00000000       0.00000000    
   5.31799984       0.00000000               0   235.800003       6.47399998       0.00000000       0.00000000    
   5.44299984       0.00000000               0   243.800003       6.46500015       0.00000000       0.00000000    
   5.56799984       0.00000000               0   267.500000       6.41699982       0.00000000       0.00000000    
   5.69299984       0.00000000               0   308.299988       6.28499985       0.00000000       0.00000000    
   5.81799984       0.00000000               0   367.200012       6.04500008       0.00000000       0.00000000    
   5.94299984       0.00000000               0   443.100006       5.65999985       0.00000000       0.00000000    
   6.06799984       0.00000000               0   508.899994       5.24499989       0.00000000       0.00000000    
   6.19299984       0.00000000               0   545.599976       4.82999992       0.00000000       0.00000000    
   6.31799984       0.00000000               0   539.500000       4.48500013       0.00000000       0.00000000    
   6.44299984       0.00000000               0   504.100006       4.07999992       0.00000000       0.00000000    
   6.56799984       0.00000000               0   411.200012       3.67600012       0.00000000       0.00000000    
   6.69399977       0.00000000               0   296.000000       3.00300002       0.00000000       0.00000000    
   6.81899977       0.00000000               0   199.000000       2.29299998       0.00000000       0.00000000    
