3.254116d-03	0.0	0.0	1.000000d+03
3.294815d-03	0.0	0.0	1.000000d+03
3.336022d-03	0.0	0.0	1.000000d+03
3.377745d-03	0.0	0.0	1.000000d+03
3.419990d-03	0.0	0.0	1.000000d+03
3.462763d-03	0.0	0.0	1.000000d+03
3.506071d-03	0.0	0.0	1.000000d+03
3.549921d-03	0.0	0.0	1.000000d+03
3.594319d-03	0.0	0.0	1.000000d+03
3.639272d-03	0.0	0.0	1.000000d+03
3.684788d-03	0.0	0.0	1.000000d+03
3.730872d-03	0.0	0.0	1.000000d+03
3.777534d-03	0.0	0.0	1.000000d+03
3.824778d-03	0.0	0.0	1.000000d+03
3.872614d-03	0.0	0.0	1.000000d+03
3.921048d-03	0.0	0.0	1.000000d+03
3.970088d-03	0.0	0.0	1.000000d+03
4.019741d-03	0.0	0.0	1.000000d+03
4.070015d-03	0.0	0.0	1.000000d+03
4.120917d-03	0.0	0.0	1.000000d+03
4.172457d-03	0.0	0.0	1.000000d+03
4.224641d-03	0.0	0.0	1.000000d+03
4.277478d-03	0.0	0.0	1.000000d+03
4.330975d-03	0.0	0.0	1.000000d+03
4.385142d-03	0.0	0.0	1.000000d+03
4.439986d-03	0.0	0.0	1.000000d+03
4.495515d-03	0.0	0.0	1.000000d+03
4.551740d-03	0.0	0.0	1.000000d+03
4.608668d-03	0.0	0.0	1.000000d+03
4.666307d-03	0.0	0.0	1.000000d+03
4.724668d-03	0.0	0.0	1.000000d+03
4.783758d-03	0.0	0.0	1.000000d+03
4.843587d-03	0.0	0.0	1.000000d+03
4.904165d-03	0.0	0.0	1.000000d+03
4.965500d-03	0.0	0.0	1.000000d+03
5.027603d-03	0.0	0.0	1.000000d+03
5.090482d-03	0.0	0.0	1.000000d+03
5.154147d-03	0.0	0.0	1.000000d+03
5.218609d-03	0.0	0.0	1.000000d+03
5.283877d-03	0.0	0.0	1.000000d+03
5.349961d-03	0.0	0.0	1.000000d+03
5.416872d-03	0.0	0.0	1.000000d+03
5.484620d-03	0.0	0.0	1.000000d+03
5.553215d-03	0.0	0.0	1.000000d+03
5.622668d-03	0.0	0.0	1.000000d+03
5.692989d-03	0.0	0.0	1.000000d+03
5.764190d-03	0.0	0.0	1.000000d+03
5.836282d-03	0.0	0.0	1.000000d+03
5.909275d-03	0.0	0.0	1.000000d+03
5.983181d-03	0.0	0.0	1.000000d+03
6.058011d-03	0.0	0.0	1.000000d+03
6.133777d-03	0.0	0.0	1.000000d+03
6.210491d-03	0.0	0.0	1.000000d+03
6.288164d-03	0.0	0.0	1.000000d+03
6.366809d-03	0.0	0.0	1.000000d+03
6.446437d-03	0.0	0.0	1.000000d+03
6.527061d-03	0.0	0.0	1.000000d+03
6.608694d-03	0.0	0.0	1.000000d+03
6.691347d-03	0.0	0.0	1.000000d+03
6.775035d-03	0.0	0.0	1.000000d+03
6.859768d-03	0.0	0.0	1.000000d+03
6.945562d-03	0.0	0.0	1.000000d+03
7.032429d-03	0.0	0.0	1.000000d+03
7.120382d-03	0.0	0.0	1.000000d+03
7.209435d-03	0.0	0.0	1.000000d+03
7.299602d-03	0.0	0.0	1.000000d+03
7.390896d-03	0.0	0.0	1.000000d+03
7.483332d-03	0.0	0.0	1.000000d+03
7.576925d-03	0.0	0.0	1.000000d+03
7.671688d-03	0.0	0.0	1.000000d+03
7.767636d-03	0.0	0.0	1.000000d+03
7.864784d-03	0.0	0.0	1.000000d+03
7.963147d-03	0.0	0.0	1.000000d+03
8.062740d-03	0.0	0.0	1.000000d+03
8.163579d-03	0.0	0.0	1.000000d+03
8.265679d-03	0.0	0.0	1.000000d+03
8.369056d-03	0.0	0.0	1.000000d+03
8.473726d-03	0.0	0.0	1.000000d+03
8.579705d-03	0.0	0.0	1.000000d+03
8.687010d-03	0.0	0.0	1.000000d+03
8.795656d-03	0.0	0.0	1.000000d+03
8.905662d-03	0.0	0.0	1.000000d+03
9.017043d-03	0.0	0.0	1.000000d+03
9.129817d-03	0.0	0.0	1.000000d+03
9.244002d-03	0.0	0.0	1.000000d+03
9.359614d-03	0.0	0.0	1.000000d+03
9.476673d-03	0.0	0.0	1.000000d+03
9.595196d-03	0.0	0.0	1.000000d+03
9.715201d-03	0.0	0.0	1.000000d+03
9.836707d-03	0.0	0.0	1.000000d+03
9.959732d-03	0.0	0.0	1.000000d+03
1.008430d-02	0.0	0.0	1.000000d+03
1.021042d-02	0.0	0.0	1.000000d+03
1.033812d-02	0.0	0.0	1.000000d+03
1.046741d-02	0.0	0.0	1.000000d+03
1.059833d-02	0.0	0.0	1.000000d+03
1.073088d-02	0.0	0.0	1.000000d+03
1.086509d-02	0.0	0.0	1.000000d+03
1.100097d-02	0.0	0.0	1.000000d+03
1.113856d-02	0.0	0.0	1.000000d+03
1.127787d-02	0.0	0.0	1.000000d+03
1.141892d-02	0.0	0.0	1.000000d+03
1.156173d-02	0.0	0.0	1.000000d+03
1.170633d-02	0.0	0.0	1.000000d+03
1.185274d-02	0.0	0.0	1.000000d+03
1.200098d-02	0.0	0.0	1.000000d+03
1.215107d-02	0.0	0.0	1.000000d+03
1.230305d-02	0.0	0.0	1.000000d+03
1.245692d-02	0.0	0.0	1.000000d+03
1.261271d-02	0.0	0.0	1.000000d+03
1.277046d-02	0.0	0.0	1.000000d+03
1.293017d-02	0.0	0.0	1.000000d+03
1.309189d-02	0.0	0.0	1.000000d+03
1.325563d-02	0.0	0.0	1.000000d+03
1.342141d-02	0.0	0.0	1.000000d+03
1.358927d-02	0.0	0.0	1.000000d+03
1.375923d-02	0.0	0.0	1.000000d+03
1.393131d-02	0.0	0.0	1.000000d+03
1.410555d-02	0.0	0.0	1.000000d+03
1.428196d-02	0.0	0.0	1.000000d+03
1.446058d-02	0.0	0.0	1.000000d+03
1.464144d-02	0.0	0.0	1.000000d+03
1.482456d-02	0.0	0.0	1.000000d+03
1.500996d-02	0.0	0.0	1.000000d+03
1.519769d-02	0.0	0.0	1.000000d+03
1.538777d-02	0.0	0.0	1.000000d+03
1.558022d-02	0.0	0.0	1.000000d+03
1.577508d-02	0.0	0.0	1.000000d+03
1.597237d-02	0.0	0.0	1.000000d+03
1.617213d-02	0.0	0.0	1.000000d+03
1.637439d-02	0.0	0.0	1.000000d+03
1.657919d-02	0.0	0.0	1.000000d+03
1.678654d-02	0.0	0.0	1.000000d+03
1.699648d-02	0.0	0.0	1.000000d+03
1.720905d-02	0.0	0.0	1.000000d+03
1.742428d-02	0.0	0.0	1.000000d+03
1.764221d-02	0.0	0.0	1.000000d+03
1.786285d-02	0.0	0.0	1.000000d+03
1.808626d-02	0.0	0.0	1.000000d+03
1.831246d-02	0.0	0.0	1.000000d+03
1.854149d-02	0.0	0.0	1.000000d+03
1.877339d-02	0.0	0.0	1.000000d+03
1.900818d-02	0.0	0.0	1.000000d+03
1.924591d-02	0.0	0.0	1.000000d+03
1.948662d-02	0.0	0.0	1.000000d+03
1.973033d-02	0.0	0.0	1.000000d+03
1.997709d-02	0.0	0.0	1.000000d+03
2.022694d-02	0.0	0.0	1.000000d+03
2.047992d-02	0.0	0.0	1.000000d+03
2.073605d-02	0.0	0.0	1.000000d+03
2.099540d-02	0.0	0.0	1.000000d+03
2.125798d-02	0.0	0.0	1.000000d+03
2.152385d-02	0.0	0.0	1.000000d+03
2.179304d-02	0.0	0.0	1.000000d+03
2.206560d-02	0.0	0.0	1.000000d+03
2.234157d-02	0.0	0.0	1.000000d+03
2.262099d-02	0.0	0.0	1.000000d+03
2.290391d-02	0.0	0.0	1.000000d+03
2.319036d-02	0.0	0.0	1.000000d+03
2.348040d-02	0.0	0.0	1.000000d+03
2.377407d-02	0.0	0.0	1.000000d+03
2.407140d-02	0.0	0.0	1.000000d+03
2.437246d-02	0.0	0.0	1.000000d+03
2.467728d-02	0.0	0.0	1.000000d+03
2.498591d-02	0.0	0.0	1.000000d+03
2.529841d-02	0.0	0.0	1.000000d+03
2.561481d-02	0.0	0.0	1.000000d+03
2.593517d-02	0.0	0.0	1.000000d+03
2.625953d-02	0.0	0.0	1.000000d+03
2.658795d-02	0.0	0.0	1.000000d+03
2.692048d-02	0.0	0.0	1.000000d+03
2.725717d-02	0.0	0.0	1.000000d+03
2.759807d-02	0.0	0.0	1.000000d+03
2.794323d-02	0.0	0.0	1.000000d+03
2.829271d-02	0.0	0.0	1.000000d+03
2.864657d-02	0.0	0.0	1.000000d+03
2.900484d-02	0.0	0.0	1.000000d+03
2.936760d-02	0.0	0.0	1.000000d+03
2.973489d-02	0.0	0.0	1.000000d+03
3.010678d-02	0.0	0.0	1.000000d+03
3.048332d-02	0.0	0.0	1.000000d+03
3.086457d-02	0.0	0.0	1.000000d+03
3.125058d-02	0.0	0.0	1.000000d+03
3.164143d-02	0.0	0.0	1.000000d+03
3.203716d-02	0.0	0.0	1.000000d+03
3.243784d-02	0.0	0.0	1.000000d+03
3.284354d-02	0.0	0.0	1.000000d+03
3.325430d-02	0.0	0.0	1.000000d+03
3.367021d-02	0.0	0.0	1.000000d+03
3.409131d-02	0.0	0.0	1.000000d+03
3.451768d-02	0.0	0.0	1.000000d+03
3.494939d-02	0.0	0.0	1.000000d+03
3.538649d-02	0.0	0.0	1.000000d+03
3.582907d-02	0.0	0.0	1.000000d+03
3.627717d-02	0.0	0.0	1.000000d+03
3.673088d-02	0.0	0.0	1.000000d+03
3.719027d-02	0.0	0.0	1.000000d+03
3.765540d-02	0.0	0.0	1.000000d+03
3.812635d-02	0.0	0.0	1.000000d+03
3.860318d-02	0.0	0.0	1.000000d+03
3.908598d-02	0.0	0.0	1.000000d+03
3.957482d-02	0.0	0.0	1.000000d+03
4.006978d-02	0.0	0.0	1.000000d+03
4.057092d-02	0.0	0.0	1.000000d+03
4.107833d-02	0.0	0.0	1.000000d+03
4.159209d-02	0.0	0.0	1.000000d+03
4.211227d-02	0.0	0.0	1.000000d+03
4.263896d-02	0.0	0.0	1.000000d+03
4.317224d-02	0.0	0.0	1.000000d+03
4.371219d-02	0.0	0.0	1.000000d+03
4.425888d-02	0.0	0.0	1.000000d+03
4.481242d-02	0.0	0.0	1.000000d+03
4.537288d-02	0.0	0.0	1.000000d+03
4.594035d-02	0.0	0.0	1.000000d+03
4.651491d-02	0.0	0.0	1.000000d+03
4.709667d-02	0.0	0.0	1.000000d+03
4.768569d-02	0.0	0.0	1.000000d+03
4.828209d-02	0.0	0.0	1.000000d+03
4.888594d-02	0.0	0.0	1.000000d+03
4.949735d-02	0.0	0.0	1.000000d+03
5.011640d-02	0.0	0.0	1.000000d+03
5.074319d-02	0.0	0.0	1.000000d+03
5.137783d-02	0.0	0.0	1.000000d+03
5.202040d-02	0.0	0.0	1.000000d+03
5.267101d-02	0.0	0.0	1.000000d+03
5.332975d-02	0.0	0.0	1.000000d+03
5.399673d-02	0.0	0.0	1.000000d+03
5.467206d-02	0.0	0.0	1.000000d+03
5.535583d-02	0.0	0.0	1.000000d+03
5.604815d-02	0.0	0.0	1.000000d+03
5.674914d-02	0.0	0.0	1.000000d+03
5.745889d-02	0.0	0.0	1.000000d+03
5.817751d-02	0.0	0.0	1.000000d+03
5.890512d-02	0.0	0.0	1.000000d+03
5.964184d-02	0.0	0.0	1.000000d+03
6.038777d-02	0.0	0.0	1.000000d+03
6.114302d-02	0.0	0.0	1.000000d+03
6.190772d-02	0.0	0.0	1.000000d+03
6.268199d-02	0.0	0.0	1.000000d+03
6.346594d-02	0.0	0.0	1.000000d+03
6.425969d-02	0.0	0.0	1.000000d+03
6.506338d-02	0.0	0.0	1.000000d+03
6.587711d-02	0.0	0.0	1.000000d+03
6.670102d-02	0.0	0.0	1.000000d+03
6.753524d-02	0.0	0.0	1.000000d+03
6.837988d-02	0.0	0.0	1.000000d+03
6.923510d-02	0.0	0.0	1.000000d+03
7.010100d-02	0.0	0.0	1.000000d+03
7.097774d-02	0.0	0.0	1.000000d+03
7.186544d-02	0.0	0.0	1.000000d+03
7.276425d-02	0.0	0.0	1.000000d+03
7.367430d-02	0.0	0.0	1.000000d+03
7.459572d-02	0.0	0.0	1.000000d+03
7.552868d-02	0.0	0.0	1.000000d+03
7.647330d-02	0.0	0.0	1.000000d+03
7.742973d-02	0.0	0.0	1.000000d+03
7.839813d-02	0.0	0.0	1.000000d+03
7.937864d-02	0.0	0.0	1.000000d+03
8.037141d-02	0.0	0.0	1.000000d+03
8.137660d-02	0.0	0.0	1.000000d+03
8.239436d-02	0.0	0.0	1.000000d+03
8.342484d-02	0.0	0.0	1.000000d+03
8.446822d-02	0.0	0.0	1.000000d+03
8.552464d-02	0.0	0.0	1.000000d+03
8.659428d-02	0.0	0.0	1.000000d+03
8.767730d-02	0.0	0.0	1.000000d+03
8.877386d-02	0.0	0.0	1.000000d+03
8.988413d-02	0.0	0.0	1.000000d+03
9.100830d-02	0.0	0.0	1.000000d+03
9.214652d-02	0.0	0.0	1.000000d+03
9.329897d-02	0.0	0.0	1.000000d+03
9.446584d-02	0.0	0.0	1.000000d+03
9.564731d-02	0.0	0.0	1.000000d+03
9.684354d-02	0.0	0.0	1.000000d+03
9.805475d-02	0.0	0.0	1.000000d+03
9.928110d-02	0.0	0.0	1.000000d+03
1.005228d-01	0.0	0.0	1.000000d+03
1.017800d-01	0.0	0.0	1.000000d+03
1.030529d-01	0.0	0.0	1.000000d+03
1.043418d-01	0.0	0.0	1.000000d+03
1.056468d-01	0.0	0.0	1.000000d+03
1.069681d-01	0.0	0.0	1.000000d+03
1.083059d-01	0.0	0.0	1.000000d+03
1.096605d-01	0.0	0.0	1.000000d+03
1.110320d-01	0.0	0.0	1.000000d+03
1.124206d-01	0.0	0.0	1.000000d+03
1.138266d-01	0.0	0.0	1.000000d+03
1.152502d-01	0.0	0.0	1.000000d+03
1.166916d-01	0.0	0.0	1.000000d+03
1.181511d-01	0.0	0.0	1.000000d+03
1.196288d-01	0.0	0.0	1.000000d+03
1.211249d-01	0.0	0.0	1.000000d+03
1.226398d-01	0.0	0.0	1.000000d+03
1.241737d-01	0.0	0.0	1.000000d+03
1.257267d-01	0.0	0.0	1.000000d+03
1.272991d-01	0.0	0.0	1.000000d+03
1.288912d-01	0.0	0.0	1.000000d+03
1.305032d-01	0.0	0.0	1.000000d+03
1.321354d-01	0.0	0.0	1.000000d+03
1.337880d-01	0.0	0.0	1.000000d+03
1.354612d-01	0.0	0.0	1.000000d+03
1.371554d-01	0.0	0.0	1.000000d+03
1.388708d-01	0.0	0.0	1.000000d+03
1.406076d-01	0.0	0.0	1.000000d+03
1.423662d-01	0.0	0.0	1.000000d+03
1.441467d-01	0.0	0.0	1.000000d+03
1.459495d-01	0.0	0.0	1.000000d+03
1.477749d-01	0.0	0.0	1.000000d+03
1.496231d-01	0.0	0.0	1.000000d+03
1.514944d-01	0.0	0.0	1.000000d+03
1.533891d-01	0.0	0.0	1.000000d+03
1.553075d-01	0.0	0.0	1.000000d+03
1.572499d-01	0.0	0.0	1.000000d+03
1.592166d-01	0.0	0.0	1.000000d+03
1.612079d-01	0.0	0.0	1.000000d+03
1.632241d-01	0.0	0.0	1.000000d+03
1.652655d-01	0.0	0.0	1.000000d+03
1.673324d-01	0.0	0.0	1.000000d+03
1.694252d-01	0.0	0.0	1.000000d+03
1.715442d-01	0.0	0.0	1.000000d+03
1.736896d-01	0.0	0.0	1.000000d+03
1.758619d-01	0.0	0.0	1.000000d+03
1.780614d-01	0.0	0.0	1.000000d+03
1.802884d-01	0.0	0.0	1.000000d+03
1.825432d-01	0.0	0.0	1.000000d+03
1.848262d-01	0.0	0.0	1.000000d+03
1.871378d-01	0.0	0.0	1.000000d+03
1.894783d-01	0.0	0.0	1.000000d+03
1.918480d-01	0.0	0.0	1.000000d+03
1.942474d-01	0.0	0.0	1.000000d+03
1.966769d-01	0.0	0.0	1.000000d+03
1.991367d-01	0.0	0.0	1.000000d+03
2.016272d-01	0.0	0.0	1.000000d+03
2.041489d-01	0.0	0.0	1.000000d+03
2.067022d-01	0.0	0.0	1.000000d+03
2.092873d-01	0.0	0.0	1.000000d+03
2.119049d-01	0.0	0.0	1.000000d+03
2.145551d-01	0.0	0.0	1.000000d+03
2.172385d-01	0.0	0.0	1.000000d+03
2.199554d-01	0.0	0.0	1.000000d+03
2.227064d-01	0.0	0.0	1.000000d+03
2.254917d-01	0.0	0.0	1.000000d+03
2.283119d-01	0.0	0.0	1.000000d+03
2.311673d-01	0.0	0.0	1.000000d+03
2.340585d-01	0.0	0.0	1.000000d+03
2.369858d-01	0.0	0.0	1.000000d+03
2.399497d-01	0.0	0.0	1.000000d+03
2.429507d-01	0.0	0.0	1.000000d+03
2.459893d-01	0.0	0.0	1.000000d+03
2.490658d-01	0.0	0.0	1.000000d+03
2.521808d-01	0.0	0.0	1.000000d+03
2.553348d-01	0.0	0.0	1.000000d+03
2.585282d-01	0.0	0.0	1.000000d+03
2.617616d-01	0.0	0.0	1.000000d+03
2.650354d-01	0.0	0.0	1.000000d+03
2.683501d-01	0.0	0.0	1.000000d+03
2.717063d-01	0.0	0.0	1.000000d+03
2.751045d-01	0.0	0.0	1.000000d+03
2.785451d-01	0.0	0.0	1.000000d+03
2.820288d-01	0.0	0.0	1.000000d+03
2.855561d-01	0.0	0.0	1.000000d+03
2.891275d-01	0.0	0.0	1.000000d+03
2.927436d-01	0.0	0.0	1.000000d+03
2.964048d-01	0.0	0.0	1.000000d+03
3.001119d-01	0.0	0.0	1.000000d+03
3.038653d-01	0.0	0.0	1.000000d+03
3.076657d-01	0.0	0.0	1.000000d+03
3.115136d-01	0.0	0.0	1.000000d+03
3.154097d-01	0.0	0.0	1.000000d+03
3.193544d-01	0.0	0.0	1.000000d+03
3.233485d-01	0.0	0.0	1.000000d+03
3.273926d-01	0.0	0.0	1.000000d+03
3.314872d-01	0.0	0.0	1.000000d+03
3.356330d-01	0.0	0.0	1.000000d+03
3.398307d-01	0.0	0.0	1.000000d+03
3.440809d-01	0.0	0.0	1.000000d+03
3.483842d-01	0.0	0.0	1.000000d+03
3.527414d-01	0.0	0.0	1.000000d+03
3.571531d-01	0.0	0.0	1.000000d+03
3.616199d-01	0.0	0.0	1.000000d+03
3.661426d-01	0.0	0.0	1.000000d+03
3.707219d-01	0.0	0.0	1.000000d+03
3.753584d-01	0.0	0.0	1.000000d+03
3.800529d-01	0.0	0.0	1.000000d+03
3.848062d-01	0.0	0.0	1.000000d+03
3.896188d-01	0.0	0.0	1.000000d+03
3.944917d-01	0.0	0.0	1.000000d+03
3.994255d-01	0.0	0.0	1.000000d+03
4.044211d-01	0.0	0.0	1.000000d+03
4.094791d-01	0.0	0.0	1.000000d+03
4.146003d-01	0.0	0.0	1.000000d+03
4.197857d-01	0.0	0.0	1.000000d+03
4.250358d-01	0.0	0.0	1.000000d+03
4.303517d-01	0.0	0.0	1.000000d+03
4.357340d-01	0.0	0.0	1.000000d+03
4.411836d-01	0.0	0.0	1.000000d+03
4.467014d-01	0.0	0.0	1.000000d+03
4.522882d-01	0.0	0.0	1.000000d+03
4.579449d-01	0.0	0.0	1.000000d+03
4.636723d-01	0.0	0.0	1.000000d+03
4.694713d-01	0.0	0.0	1.000000d+03
4.753429d-01	0.0	0.0	1.000000d+03
4.812879d-01	0.0	0.0	1.000000d+03
4.873073d-01	0.0	0.0	1.000000d+03
4.934019d-01	0.0	0.0	1.000000d+03
4.995728d-01	0.0	0.0	1.000000d+03
5.058208d-01	0.0	0.0	1.000000d+03
5.121470d-01	0.0	0.0	1.000000d+03
5.185523d-01	0.0	0.0	1.000000d+03
5.250377d-01	0.0	0.0	1.000000d+03
5.316043d-01	0.0	0.0	1.000000d+03
5.382529d-01	0.0	0.0	1.000000d+03
5.449847d-01	0.0	0.0	1.000000d+03
5.518007d-01	0.0	0.0	1.000000d+03
5.587020d-01	0.0	0.0	1.000000d+03
5.656896d-01	0.0	0.0	1.000000d+03
5.727645d-01	0.0	0.0	1.000000d+03
5.799279d-01	0.0	0.0	1.000000d+03
5.871810d-01	0.0	0.0	1.000000d+03
5.945247d-01	0.0	0.0	1.000000d+03
6.019603d-01	0.0	0.0	1.000000d+03
6.094889d-01	0.0	0.0	1.000000d+03
6.171116d-01	0.0	0.0	1.000000d+03
6.248297d-01	0.0	0.0	1.000000d+03
6.326443d-01	0.0	0.0	1.000000d+03
6.405567d-01	0.0	0.0	1.000000d+03
6.485680d-01	0.0	0.0	1.000000d+03
6.566795d-01	0.0	0.0	1.000000d+03
6.648924d-01	0.0	0.0	1.000000d+03
6.732081d-01	0.0	0.0	1.000000d+03
6.816277d-01	0.0	0.0	1.000000d+03
6.901527d-01	0.0	0.0	1.000000d+03
6.987843d-01	0.0	0.0	1.000000d+03
7.075238d-01	0.0	0.0	1.000000d+03
7.163727d-01	0.0	0.0	1.000000d+03
7.253322d-01	0.0	0.0	1.000000d+03
7.344038d-01	0.0	0.0	1.000000d+03
7.435888d-01	0.0	0.0	1.000000d+03
7.528887d-01	0.0	0.0	1.000000d+03
7.623049d-01	0.0	0.0	1.000000d+03
7.718389d-01	0.0	0.0	1.000000d+03
7.814921d-01	0.0	0.0	1.000000d+03
7.912661d-01	0.0	0.0	1.000000d+03
8.011623d-01	0.0	0.0	1.000000d+03
8.111822d-01	0.0	0.0	1.000000d+03
8.213275d-01	0.0	0.0	1.000000d+03
8.315997d-01	0.0	0.0	1.000000d+03
8.420003d-01	0.0	0.0	1.000000d+03
8.525310d-01	0.0	0.0	1.000000d+03
8.631934d-01	0.0	0.0	1.000000d+03
8.739892d-01	0.0	0.0	1.000000d+03
8.849200d-01	0.0	0.0	1.000000d+03
8.959875d-01	0.0	0.0	1.000000d+03
9.071934d-01	0.0	0.0	1.000000d+03
9.185395d-01	0.0	0.0	1.000000d+03
9.300274d-01	0.0	0.0	1.000000d+03
9.416591d-01	0.0	0.0	1.000000d+03
9.534362d-01	0.0	0.0	1.000000d+03
9.653606d-01	0.0	0.0	1.000000d+03
9.774342d-01	0.0	0.0	1.000000d+03
9.896587d-01	0.0	0.0	1.000000d+03
1.002036d+00	0.0	0.0	1.000000d+03
1.014568d+00	0.0	0.0	1.000000d+03
1.027257d+00	0.0	0.0	1.000000d+03
1.040105d+00	0.0	0.0	1.000000d+03
1.053113d+00	0.0	0.0	1.000000d+03
1.066285d+00	0.0	0.0	1.000000d+03
1.079620d+00	0.0	0.0	1.000000d+03
1.093123d+00	0.0	0.0	1.000000d+03
1.106794d+00	0.0	0.0	1.000000d+03
1.120637d+00	0.0	0.0	1.000000d+03
1.134652d+00	0.0	0.0	1.000000d+03
1.148843d+00	0.0	0.0	1.000000d+03
1.163211d+00	0.0	0.0	1.000000d+03
1.177760d+00	0.0	0.0	1.000000d+03
1.192489d+00	0.0	0.0	1.000000d+03
1.207404d+00	0.0	0.0	1.000000d+03
1.222504d+00	0.0	0.0	1.000000d+03
1.237794d+00	0.0	0.0	1.000000d+03
1.253275d+00	0.0	0.0	1.000000d+03
1.268949d+00	0.0	0.0	1.000000d+03
1.284820d+00	0.0	0.0	1.000000d+03
1.300889d+00	0.0	0.0	1.000000d+03
1.317159d+00	0.0	0.0	1.000000d+03
1.333632d+00	0.0	0.0	1.000000d+03
1.350311d+00	0.0	0.0	1.000000d+03
1.367200d+00	0.0	0.0	1.000000d+03
1.384299d+00	0.0	0.0	1.000000d+03
1.401612d+00	0.0	0.0	1.000000d+03
1.419142d+00	0.0	0.0	1.000000d+03
1.436890d+00	0.0	0.0	1.000000d+03
1.454861d+00	0.0	0.0	1.000000d+03
1.473057d+00	0.0	0.0	1.000000d+03
1.491480d+00	0.0	0.0	1.000000d+03
1.510134d+00	0.0	0.0	1.000000d+03
1.529021d+00	0.0	0.0	1.000000d+03
1.548144d+00	0.0	0.0	1.000000d+03
1.567506d+00	0.0	0.0	1.000000d+03
1.587111d+00	0.0	0.0	1.000000d+03
1.606960d+00	0.0	0.0	1.000000d+03
1.627058d+00	0.0	0.0	1.000000d+03
1.647196d+00	0.0	0.0	1.000000d+03
1.667085d+00	0.0	0.0	1.000000d+03
1.686727d+00	0.0	0.0	1.000000d+03
1.706127d+00	0.0	0.0	1.000000d+03
1.725286d+00	0.0	0.0	1.000000d+03
1.744208d+00	0.0	0.0	1.000000d+03
1.762896d+00	0.0	0.0	1.000000d+03
1.781353d+00	0.0	0.0	1.000000d+03
1.799581d+00	0.0	0.0	1.000000d+03
1.817584d+00	0.0	0.0	1.000000d+03
1.835363d+00	0.0	0.0	1.000000d+03
1.852923d+00	0.0	0.0	1.000000d+03
1.870266d+00	0.0	0.0	1.000000d+03
1.887393d+00	0.0	0.0	1.000000d+03
1.904309d+00	0.0	0.0	1.000000d+03
1.921016d+00	0.0	0.0	1.000000d+03
1.937515d+00	0.0	0.0	1.000000d+03
1.953811d+00	0.0	0.0	1.000000d+03
1.969904d+00	0.0	0.0	1.000000d+03
1.985799d+00	0.0	0.0	1.000000d+03
2.001497d+00	0.0	0.0	1.000000d+03
2.017000d+00	0.0	0.0	1.000000d+03
2.032312d+00	0.0	0.0	1.000000d+03
2.047434d+00	0.0	0.0	1.000000d+03
2.062369d+00	0.0	0.0	1.000000d+03
2.077119d+00	0.0	0.0	1.000000d+03
2.091687d+00	0.0	0.0	1.000000d+03
2.106074d+00	0.0	0.0	1.000000d+03
2.120283d+00	0.0	0.0	1.000000d+03
2.134317d+00	0.0	0.0	1.000000d+03
2.148176d+00	0.0	0.0	1.000000d+03
2.161864d+00	0.0	0.0	1.000000d+03
2.175383d+00	0.0	0.0	1.000000d+03
2.188734d+00	0.0	0.0	1.000000d+03
2.201920d+00	0.0	0.0	1.000000d+03
2.214943d+00	0.0	0.0	1.000000d+03
2.227805d+00	0.0	0.0	1.000000d+03
2.240508d+00	0.0	0.0	1.000000d+03
2.253053d+00	0.0	0.0	1.000000d+03
2.265443d+00	0.0	0.0	1.000000d+03
2.277680d+00	0.0	0.0	1.000000d+03
2.289765d+00	0.0	0.0	1.000000d+03
2.301701d+00	0.0	0.0	1.000000d+03
2.313489d+00	0.0	0.0	1.000000d+03
2.325131d+00	0.0	0.0	1.000000d+03
2.336629d+00	0.0	0.0	1.000000d+03
2.347984d+00	0.0	0.0	1.000000d+03
2.359199d+00	0.0	0.0	1.000000d+03
2.370276d+00	0.0	0.0	1.000000d+03
2.381215d+00	0.0	0.0	1.000000d+03
2.392019d+00	0.0	0.0	1.000000d+03
2.402689d+00	0.0	0.0	1.000000d+03
2.413227d+00	0.0	0.0	1.000000d+03
2.423634d+00	0.0	0.0	1.000000d+03
2.433913d+00	0.0	0.0	1.000000d+03
2.444065d+00	0.0	0.0	1.000000d+03
2.454091d+00	0.0	0.0	1.000000d+03
2.463992d+00	0.0	0.0	1.000000d+03
2.473772d+00	0.0	0.0	1.000000d+03
2.483430d+00	0.0	0.0	1.000000d+03
2.492969d+00	0.0	0.0	1.000000d+03
2.502389d+00	0.0	0.0	1.000000d+03
2.511693d+00	0.0	0.0	1.000000d+03
2.520882d+00	0.0	0.0	1.000000d+03
2.529957d+00	0.0	0.0	1.000000d+03
2.538920d+00	0.0	0.0	1.000000d+03
2.547772d+00	0.0	0.0	1.000000d+03
2.556514d+00	0.0	0.0	1.000000d+03
2.565149d+00	0.0	0.0	1.000000d+03
2.573676d+00	0.0	0.0	1.000000d+03
2.582098d+00	0.0	0.0	1.000000d+03
2.590415d+00	0.0	0.0	1.000000d+03
2.598630d+00	0.0	0.0	1.000000d+03
2.606743d+00	0.0	0.0	1.000000d+03
2.614755d+00	0.0	0.0	1.000000d+03
2.622668d+00	0.0	0.0	1.000000d+03
2.630484d+00	0.0	0.0	1.000000d+03
2.638202d+00	0.0	0.0	1.000000d+03
2.645825d+00	0.0	0.0	1.000000d+03
2.653354d+00	0.0	0.0	1.000000d+03
2.660790d+00	0.0	0.0	1.000000d+03
2.668133d+00	0.0	0.0	1.000000d+03
2.675386d+00	0.0	0.0	1.000000d+03
2.682549d+00	0.0	0.0	1.000000d+03
2.689623d+00	0.0	0.0	1.000000d+03
2.696610d+00	0.0	0.0	1.000000d+03
2.703510d+00	0.0	0.0	1.000000d+03
2.710325d+00	0.0	0.0	1.000000d+03
2.717055d+00	0.0	0.0	1.000000d+03
2.723702d+00	0.0	0.0	1.000000d+03
2.730267d+00	0.0	0.0	1.000000d+03
2.736751d+00	0.0	0.0	1.000000d+03
2.743154d+00	0.0	0.0	1.000000d+03
2.749478d+00	0.0	0.0	1.000000d+03
2.755724d+00	0.0	0.0	1.000000d+03
2.761893d+00	0.0	0.0	1.000000d+03
2.767985d+00	0.0	0.0	1.000000d+03
2.774002d+00	0.0	0.0	1.000000d+03
2.779944d+00	0.0	0.0	1.000000d+03
2.785813d+00	0.0	0.0	1.000000d+03
2.791609d+00	0.0	0.0	1.000000d+03
2.797333d+00	0.0	0.0	1.000000d+03
2.802987d+00	0.0	0.0	1.000000d+03
2.808570d+00	0.0	0.0	1.000000d+03
2.814085d+00	0.0	0.0	1.000000d+03
2.819531d+00	0.0	0.0	1.000000d+03
2.824910d+00	0.0	0.0	1.000000d+03
2.830222d+00	0.0	0.0	1.000000d+03
2.835469d+00	0.0	0.0	1.000000d+03
2.840650d+00	0.0	0.0	1.000000d+03
2.845768d+00	0.0	0.0	1.000000d+03
2.850822d+00	0.0	0.0	1.000000d+03
2.855813d+00	0.0	0.0	1.000000d+03
2.860743d+00	0.0	0.0	1.000000d+03
2.865612d+00	0.0	0.0	1.000000d+03
2.870420d+00	0.0	0.0	1.000000d+03
2.875169d+00	0.0	0.0	1.000000d+03
2.879859d+00	0.0	0.0	1.000000d+03
2.884492d+00	0.0	0.0	1.000000d+03
2.889066d+00	0.0	0.0	1.000000d+03
2.893585d+00	0.0	0.0	1.000000d+03
2.898047d+00	0.0	0.0	1.000000d+03
2.902454d+00	0.0	0.0	1.000000d+03
2.906806d+00	0.0	0.0	1.000000d+03
2.911105d+00	0.0	0.0	1.000000d+03
2.915350d+00	0.0	0.0	1.000000d+03
2.919543d+00	0.0	0.0	1.000000d+03
2.923684d+00	0.0	0.0	1.000000d+03
2.927774d+00	0.0	0.0	1.000000d+03
2.931813d+00	0.0	0.0	1.000000d+03
2.935802d+00	0.0	0.0	1.000000d+03
2.939742d+00	0.0	0.0	1.000000d+03
2.943633d+00	0.0	0.0	1.000000d+03
2.947476d+00	0.0	0.0	1.000000d+03
2.951271d+00	0.0	0.0	1.000000d+03
2.955019d+00	0.0	0.0	1.000000d+03
2.958721d+00	0.0	0.0	1.000000d+03
2.962377d+00	0.0	0.0	1.000000d+03
2.965988d+00	0.0	0.0	1.000000d+03
2.969554d+00	0.0	0.0	1.000000d+03
2.973076d+00	0.0	0.0	1.000000d+03
2.976555d+00	0.0	0.0	1.000000d+03
2.979990d+00	0.0	0.0	1.000000d+03
2.983383d+00	0.0	0.0	1.000000d+03
2.986734d+00	0.0	0.0	1.000000d+03
2.990043d+00	0.0	0.0	1.000000d+03
2.993311d+00	0.0	0.0	1.000000d+03
2.996539d+00	0.0	0.0	1.000000d+03
2.999727d+00	0.0	0.0	1.000000d+03
3.002876d+00	0.0	0.0	1.000000d+03
3.005985d+00	0.0	0.0	1.000000d+03
3.009056d+00	0.0	0.0	1.000000d+03
3.012090d+00	0.0	0.0	1.000000d+03
3.015085d+00	0.0	0.0	1.000000d+03
3.018044d+00	0.0	0.0	1.000000d+03
3.020965d+00	0.0	0.0	1.000000d+03
3.023851d+00	0.0	0.0	1.000000d+03
3.026701d+00	0.0	0.0	1.000000d+03
3.029516d+00	0.0	0.0	1.000000d+03
3.032296d+00	0.0	0.0	1.000000d+03
3.035041d+00	0.0	0.0	1.000000d+03
3.037753d+00	0.0	0.0	1.000000d+03
3.040430d+00	0.0	0.0	1.000000d+03
3.043075d+00	0.0	0.0	1.000000d+03
3.045687d+00	0.0	0.0	1.000000d+03
3.048267d+00	0.0	0.0	1.000000d+03
3.050815d+00	0.0	0.0	1.000000d+03
3.053331d+00	0.0	0.0	1.000000d+03
3.055816d+00	0.0	0.0	1.000000d+03
3.058270d+00	0.0	0.0	1.000000d+03
3.060694d+00	0.0	0.0	1.000000d+03
3.063088d+00	0.0	0.0	1.000000d+03
3.065453d+00	0.0	0.0	1.000000d+03
3.067788d+00	0.0	0.0	1.000000d+03
3.070094d+00	0.0	0.0	1.000000d+03
3.072372d+00	0.0	0.0	1.000000d+03
3.074621d+00	0.0	0.0	1.000000d+03
3.076843d+00	0.0	0.0	1.000000d+03
3.079037d+00	0.0	0.0	1.000000d+03
3.081204d+00	0.0	0.0	1.000000d+03
3.083344d+00	0.0	0.0	1.000000d+03
3.085457d+00	0.0	0.0	1.000000d+03
3.087545d+00	0.0	0.0	1.000000d+03
3.089606d+00	0.0	0.0	1.000000d+03
3.091643d+00	0.0	0.0	1.000000d+03
3.093653d+00	0.0	0.0	1.000000d+03
3.095639d+00	0.0	0.0	1.000000d+03
3.097601d+00	0.0	0.0	1.000000d+03
3.099538d+00	0.0	0.0	1.000000d+03
3.101451d+00	0.0	0.0	1.000000d+03
3.103341d+00	0.0	0.0	1.000000d+03
3.105207d+00	0.0	0.0	1.000000d+03
3.107050d+00	0.0	0.0	1.000000d+03
3.108870d+00	0.0	0.0	1.000000d+03
3.110668d+00	0.0	0.0	1.000000d+03
3.112443d+00	0.0	0.0	1.000000d+03
3.114197d+00	0.0	0.0	1.000000d+03
3.115929d+00	0.0	0.0	1.000000d+03
3.117639d+00	0.0	0.0	1.000000d+03
3.119328d+00	0.0	0.0	1.000000d+03
3.120996d+00	0.0	0.0	1.000000d+03
3.122644d+00	0.0	0.0	1.000000d+03
3.124271d+00	0.0	0.0	1.000000d+03
3.125878d+00	0.0	0.0	1.000000d+03
3.127465d+00	0.0	0.0	1.000000d+03
3.129033d+00	0.0	0.0	1.000000d+03
3.130581d+00	0.0	0.0	1.000000d+03
3.132110d+00	0.0	0.0	1.000000d+03
3.133620d+00	0.0	0.0	1.000000d+03
3.135112d+00	0.0	0.0	1.000000d+03
3.136584d+00	0.0	0.0	1.000000d+03
3.138039d+00	0.0	0.0	1.000000d+03
3.139476d+00	0.0	0.0	1.000000d+03
3.140895d+00	0.0	0.0	1.000000d+03
3.142296d+00	0.0	0.0	1.000000d+03
3.143680d+00	0.0	0.0	1.000000d+03
3.145047d+00	0.0	0.0	1.000000d+03
3.146397d+00	0.0	0.0	1.000000d+03
3.147730d+00	0.0	0.0	1.000000d+03
3.149047d+00	0.0	0.0	1.000000d+03
3.150347d+00	0.0	0.0	1.000000d+03
3.151632d+00	0.0	0.0	1.000000d+03
3.152900d+00	0.0	0.0	1.000000d+03
3.154153d+00	0.0	0.0	1.000000d+03
3.155390d+00	0.0	0.0	1.000000d+03
3.156612d+00	0.0	0.0	1.000000d+03
3.157819d+00	0.0	0.0	1.000000d+03
3.159011d+00	0.0	0.0	1.000000d+03
3.160188d+00	0.0	0.0	1.000000d+03
3.161350d+00	0.0	0.0	1.000000d+03
3.162498d+00	0.0	0.0	1.000000d+03
3.163632d+00	0.0	0.0	1.000000d+03
3.164752d+00	0.0	0.0	1.000000d+03
3.165858d+00	0.0	0.0	1.000000d+03
3.166951d+00	0.0	0.0	1.000000d+03
3.168029d+00	0.0	0.0	1.000000d+03
3.169095d+00	0.0	0.0	1.000000d+03
3.170147d+00	0.0	0.0	1.000000d+03
3.171187d+00	0.0	0.0	1.000000d+03
3.172213d+00	0.0	0.0	1.000000d+03
3.173227d+00	0.0	0.0	1.000000d+03
3.174228d+00	0.0	0.0	1.000000d+03
3.175217d+00	0.0	0.0	1.000000d+03
3.176193d+00	0.0	0.0	1.000000d+03
3.177158d+00	0.0	0.0	1.000000d+03
3.178110d+00	0.0	0.0	1.000000d+03
3.179051d+00	0.0	0.0	1.000000d+03
3.179980d+00	0.0	0.0	1.000000d+03
3.180897d+00	0.0	0.0	1.000000d+03
3.181804d+00	0.0	0.0	1.000000d+03
3.182699d+00	0.0	0.0	1.000000d+03
3.183583d+00	0.0	0.0	1.000000d+03
3.184456d+00	0.0	0.0	1.000000d+03
3.185318d+00	0.0	0.0	1.000000d+03
3.186169d+00	0.0	0.0	1.000000d+03
3.187010d+00	0.0	0.0	1.000000d+03
3.187841d+00	0.0	0.0	1.000000d+03
3.188661d+00	0.0	0.0	1.000000d+03
3.189471d+00	0.0	0.0	1.000000d+03
3.190271d+00	0.0	0.0	1.000000d+03
3.191062d+00	0.0	0.0	1.000000d+03
3.191842d+00	0.0	0.0	1.000000d+03
3.192613d+00	0.0	0.0	1.000000d+03
3.193374d+00	0.0	0.0	1.000000d+03
3.194126d+00	0.0	0.0	1.000000d+03
3.194868d+00	0.0	0.0	1.000000d+03
3.195602d+00	0.0	0.0	1.000000d+03
3.196326d+00	0.0	0.0	1.000000d+03
3.197041d+00	0.0	0.0	1.000000d+03
3.197747d+00	0.0	0.0	1.000000d+03
3.198445d+00	0.0	0.0	1.000000d+03
3.199134d+00	0.0	0.0	1.000000d+03
3.199815d+00	0.0	0.0	1.000000d+03
3.200487d+00	0.0	0.0	1.000000d+03
3.201150d+00	0.0	0.0	1.000000d+03
3.201806d+00	0.0	0.0	1.000000d+03
3.202453d+00	0.0	0.0	1.000000d+03
3.203093d+00	0.0	0.0	1.000000d+03
3.203724d+00	0.0	0.0	1.000000d+03
3.204348d+00	0.0	0.0	1.000000d+03
3.204964d+00	0.0	0.0	1.000000d+03
3.205572d+00	0.0	0.0	1.000000d+03
3.206173d+00	0.0	0.0	1.000000d+03
3.206767d+00	0.0	0.0	1.000000d+03
3.207353d+00	0.0	0.0	1.000000d+03
3.207931d+00	0.0	0.0	1.000000d+03
3.208503d+00	0.0	0.0	1.000000d+03
3.209068d+00	0.0	0.0	1.000000d+03
3.209625d+00	0.0	0.0	1.000000d+03
3.210176d+00	0.0	0.0	1.000000d+03
3.210720d+00	0.0	0.0	1.000000d+03
3.211257d+00	0.0	0.0	1.000000d+03
3.211787d+00	0.0	0.0	1.000000d+03
3.212311d+00	0.0	0.0	1.000000d+03
3.212829d+00	0.0	0.0	1.000000d+03
3.213340d+00	0.0	0.0	1.000000d+03
3.213844d+00	0.0	0.0	1.000000d+03
3.214343d+00	0.0	0.0	1.000000d+03
3.214835d+00	0.0	0.0	1.000000d+03
3.215321d+00	0.0	0.0	1.000000d+03
3.215801d+00	0.0	0.0	1.000000d+03
3.216276d+00	0.0	0.0	1.000000d+03
3.216744d+00	0.0	0.0	1.000000d+03
3.217206d+00	0.0	0.0	1.000000d+03
3.217663d+00	0.0	0.0	1.000000d+03
3.218114d+00	0.0	0.0	1.000000d+03
3.218560d+00	0.0	0.0	1.000000d+03
3.219000d+00	0.0	0.0	1.000000d+03
3.219435d+00	0.0	0.0	1.000000d+03
3.219864d+00	0.0	0.0	1.000000d+03
3.220288d+00	0.0	0.0	1.000000d+03
3.220707d+00	0.0	0.0	1.000000d+03
3.221120d+00	0.0	0.0	1.000000d+03
3.221529d+00	0.0	0.0	1.000000d+03
3.221932d+00	0.0	0.0	1.000000d+03
3.222330d+00	0.0	0.0	1.000000d+03
3.222724d+00	0.0	0.0	1.000000d+03
3.223112d+00	0.0	0.0	1.000000d+03
3.223496d+00	0.0	0.0	1.000000d+03
3.223875d+00	0.0	0.0	1.000000d+03
3.224249d+00	0.0	0.0	1.000000d+03
3.224619d+00	0.0	0.0	1.000000d+03
3.224984d+00	0.0	0.0	1.000000d+03
3.225344d+00	0.0	0.0	1.000000d+03
3.225701d+00	0.0	0.0	1.000000d+03
3.226052d+00	0.0	0.0	1.000000d+03
3.226400d+00	0.0	0.0	1.000000d+03
3.226743d+00	0.0	0.0	1.000000d+03
3.227081d+00	0.0	0.0	1.000000d+03
3.227416d+00	0.0	0.0	1.000000d+03
3.227747d+00	0.0	0.0	1.000000d+03
3.228073d+00	0.0	0.0	1.000000d+03
3.228395d+00	0.0	0.0	1.000000d+03
3.228714d+00	0.0	0.0	1.000000d+03
3.229028d+00	0.0	0.0	1.000000d+03
3.229339d+00	0.0	0.0	1.000000d+03
3.229645d+00	0.0	0.0	1.000000d+03
3.229948d+00	0.0	0.0	1.000000d+03
3.230247d+00	0.0	0.0	1.000000d+03
3.230543d+00	0.0	0.0	1.000000d+03
3.230834d+00	0.0	0.0	1.000000d+03
3.231123d+00	0.0	0.0	1.000000d+03
3.231407d+00	0.0	0.0	1.000000d+03
3.231688d+00	0.0	0.0	1.000000d+03
3.231966d+00	0.0	0.0	1.000000d+03
3.232240d+00	0.0	0.0	1.000000d+03
3.232511d+00	0.0	0.0	1.000000d+03
3.232778d+00	0.0	0.0	1.000000d+03
3.233042d+00	0.0	0.0	1.000000d+03
3.233303d+00	0.0	0.0	1.000000d+03
3.233561d+00	0.0	0.0	1.000000d+03
3.233815d+00	0.0	0.0	1.000000d+03
3.234066d+00	0.0	0.0	1.000000d+03
3.234314d+00	0.0	0.0	1.000000d+03
3.234560d+00	0.0	0.0	1.000000d+03
3.234802d+00	0.0	0.0	1.000000d+03
3.235041d+00	0.0	0.0	1.000000d+03
3.235277d+00	0.0	0.0	1.000000d+03
3.235510d+00	0.0	0.0	1.000000d+03
3.235740d+00	0.0	0.0	1.000000d+03
3.235968d+00	0.0	0.0	1.000000d+03
3.236192d+00	0.0	0.0	1.000000d+03
3.236414d+00	0.0	0.0	1.000000d+03
3.236633d+00	0.0	0.0	1.000000d+03
3.236850d+00	0.0	0.0	1.000000d+03
3.237063d+00	0.0	0.0	1.000000d+03
3.237274d+00	0.0	0.0	1.000000d+03
3.237483d+00	0.0	0.0	1.000000d+03
3.237689d+00	0.0	0.0	1.000000d+03
3.237892d+00	0.0	0.0	1.000000d+03
3.238093d+00	0.0	0.0	1.000000d+03
3.238291d+00	0.0	0.0	1.000000d+03
3.238487d+00	0.0	0.0	1.000000d+03
3.238680d+00	0.0	0.0	1.000000d+03
3.238871d+00	0.0	0.0	1.000000d+03
3.239060d+00	0.0	0.0	1.000000d+03
3.239247d+00	0.0	0.0	1.000000d+03
3.239431d+00	0.0	0.0	1.000000d+03
3.239612d+00	0.0	0.0	1.000000d+03
3.239792d+00	0.0	0.0	1.000000d+03
3.239969d+00	0.0	0.0	1.000000d+03
3.240144d+00	0.0	0.0	1.000000d+03
3.240317d+00	0.0	0.0	1.000000d+03
3.240488d+00	0.0	0.0	1.000000d+03
3.240657d+00	0.0	0.0	1.000000d+03
3.240823d+00	0.0	0.0	1.000000d+03
3.240988d+00	0.0	0.0	1.000000d+03
3.241150d+00	0.0	0.0	1.000000d+03
3.241311d+00	0.0	0.0	1.000000d+03
3.241469d+00	0.0	0.0	1.000000d+03
3.241626d+00	0.0	0.0	1.000000d+03
3.241780d+00	0.0	0.0	1.000000d+03
3.241933d+00	0.0	0.0	1.000000d+03
3.242084d+00	0.0	0.0	1.000000d+03
3.242233d+00	0.0	0.0	1.000000d+03
3.242380d+00	0.0	0.0	1.000000d+03
3.242525d+00	0.0	0.0	1.000000d+03
3.242669d+00	0.0	0.0	1.000000d+03
3.242810d+00	0.0	0.0	1.000000d+03
3.242950d+00	0.0	0.0	1.000000d+03
3.243088d+00	0.0	0.0	1.000000d+03
3.243225d+00	0.0	0.0	1.000000d+03
3.243360d+00	0.0	0.0	1.000000d+03
3.243493d+00	0.0	0.0	1.000000d+03
3.243624d+00	0.0	0.0	1.000000d+03
3.243754d+00	0.0	0.0	1.000000d+03
3.243882d+00	0.0	0.0	1.000000d+03
3.244009d+00	0.0	0.0	1.000000d+03
3.244134d+00	0.0	0.0	1.000000d+03
3.244258d+00	0.0	0.0	1.000000d+03
3.244380d+00	0.0	0.0	1.000000d+03
3.244500d+00	0.0	0.0	1.000000d+03
3.244619d+00	0.0	0.0	1.000000d+03
3.244737d+00	0.0	0.0	1.000000d+03
3.244853d+00	0.0	0.0	1.000000d+03
3.244967d+00	0.0	0.0	1.000000d+03
3.245081d+00	0.0	0.0	1.000000d+03
3.245193d+00	0.0	0.0	1.000000d+03
3.245303d+00	0.0	0.0	1.000000d+03
3.245412d+00	0.0	0.0	1.000000d+03
3.245520d+00	0.0	0.0	1.000000d+03
3.245626d+00	0.0	0.0	1.000000d+03
3.245731d+00	0.0	0.0	1.000000d+03
3.245835d+00	0.0	0.0	1.000000d+03
3.245938d+00	0.0	0.0	1.000000d+03
3.246039d+00	0.0	0.0	1.000000d+03
3.246139d+00	0.0	0.0	1.000000d+03
3.246237d+00	0.0	0.0	1.000000d+03
3.246335d+00	0.0	0.0	1.000000d+03
3.246431d+00	0.0	0.0	1.000000d+03
3.246526d+00	0.0	0.0	1.000000d+03
3.246620d+00	0.0	0.0	1.000000d+03
3.246713d+00	0.0	0.0	1.000000d+03
3.246805d+00	0.0	0.0	1.000000d+03
3.246895d+00	0.0	0.0	1.000000d+03
3.246985d+00	0.0	0.0	1.000000d+03
3.247073d+00	0.0	0.0	1.000000d+03
3.247160d+00	0.0	0.0	1.000000d+03
3.247246d+00	0.0	0.0	1.000000d+03
3.247331d+00	0.0	0.0	1.000000d+03
3.247415d+00	0.0	0.0	1.000000d+03
3.247498d+00	0.0	0.0	1.000000d+03
3.247580d+00	0.0	0.0	1.000000d+03
3.247661d+00	0.0	0.0	1.000000d+03
3.247741d+00	0.0	0.0	1.000000d+03
3.247820d+00	0.0	0.0	1.000000d+03
3.247898d+00	0.0	0.0	1.000000d+03
3.247975d+00	0.0	0.0	1.000000d+03
3.248051d+00	0.0	0.0	1.000000d+03
3.248126d+00	0.0	0.0	1.000000d+03
3.248200d+00	0.0	0.0	1.000000d+03
3.248273d+00	0.0	0.0	1.000000d+03
3.248345d+00	0.0	0.0	1.000000d+03
3.248417d+00	0.0	0.0	1.000000d+03
3.248487d+00	0.0	0.0	1.000000d+03
3.248557d+00	0.0	0.0	1.000000d+03
3.248626d+00	0.0	0.0	1.000000d+03
3.248694d+00	0.0	0.0	1.000000d+03
3.248761d+00	0.0	0.0	1.000000d+03
3.248827d+00	0.0	0.0	1.000000d+03
3.248893d+00	0.0	0.0	1.000000d+03
3.248957d+00	0.0	0.0	1.000000d+03
3.249021d+00	0.0	0.0	1.000000d+03
3.249084d+00	0.0	0.0	1.000000d+03
3.249146d+00	0.0	0.0	1.000000d+03
3.249208d+00	0.0	0.0	1.000000d+03
3.249269d+00	0.0	0.0	1.000000d+03
3.249329d+00	0.0	0.0	1.000000d+03
3.249388d+00	0.0	0.0	1.000000d+03
3.249447d+00	0.0	0.0	1.000000d+03
3.249504d+00	0.0	0.0	1.000000d+03
3.249561d+00	0.0	0.0	1.000000d+03
3.249618d+00	0.0	0.0	1.000000d+03
3.249673d+00	0.0	0.0	1.000000d+03
3.249728d+00	0.0	0.0	1.000000d+03
3.249783d+00	0.0	0.0	1.000000d+03
3.249836d+00	0.0	0.0	1.000000d+03
3.249889d+00	0.0	0.0	1.000000d+03
3.249942d+00	0.0	0.0	1.000000d+03
3.249993d+00	0.0	0.0	1.000000d+03
3.250044d+00	0.0	0.0	1.000000d+03
3.250095d+00	0.0	0.0	1.000000d+03
3.250145d+00	0.0	0.0	1.000000d+03
3.250194d+00	0.0	0.0	1.000000d+03
3.250242d+00	0.0	0.0	1.000000d+03
3.250290d+00	0.0	0.0	1.000000d+03
3.250338d+00	0.0	0.0	1.000000d+03
3.250384d+00	0.0	0.0	1.000000d+03
3.250430d+00	0.0	0.0	1.000000d+03
3.250476d+00	0.0	0.0	1.000000d+03
3.250521d+00	0.0	0.0	1.000000d+03
3.250566d+00	0.0	0.0	1.000000d+03
3.250610d+00	0.0	0.0	1.000000d+03
3.250653d+00	0.0	0.0	1.000000d+03
3.250696d+00	0.0	0.0	1.000000d+03
3.250738d+00	0.0	0.0	1.000000d+03
3.250780d+00	0.0	0.0	1.000000d+03
3.250821d+00	0.0	0.0	1.000000d+03
3.250862d+00	0.0	0.0	1.000000d+03
